"V1","V2","V3"
1.65338878804978e-06,0.999997528956557,8.17654654650963e-07
0.948157406641961,4.00382486323621e-06,0.0518385895331754
0.301932654027168,0.678196502647755,0.0198708433250771
3.1986697602276e-06,0.999996032121603,7.69208637140237e-07
4.96265126241696e-10,2.56220090969127e-06,0.999997437302825
0.00236383312827321,0.997378028428919,0.000258138442807586
2.1295139877126e-06,0.999996913469242,9.57016770212892e-07
5.12516964971406e-06,0.999994117820264,7.57010086297362e-07
1.74790415887331e-06,0.999997349182024,9.02913816924759e-07
3.26485097573393e-05,0.99993222493246,3.51265577830606e-05
2.69657264899141e-09,1.16638858133382e-05,0.999988333417614
0.351359092272783,0.360868185280089,0.287772722447128
0.999521408297253,0.000475177866431245,3.41383631590171e-06
0.700694904893914,0.183851367112103,0.115453727993983
1.67376118723488e-05,0.999979809597873,3.45279025441504e-06
1.03296495254041e-05,0.999988114058763,1.55629171196045e-06
0.0204717090213678,0.153191492060297,0.826336798918335
0.999985958427148,1.00443498262165e-05,3.99722302582039e-06
0.999979588298953,1.71870878667619e-05,3.22461318004444e-06
3.55754182161707e-06,0.99999572784944,7.14608738403082e-07
4.04636125054891e-06,0.999993504189638,2.44944911142759e-06
0.999962424291506,3.63803594631224e-05,1.19534903078753e-06
0.384404806602215,0.171970288365511,0.443624905032274
1.84571512936329e-06,0.999997733199376,4.21085494814574e-07
0.989346082941414,0.0105505111928739,0.000103405865712296
6.83985448103962e-06,0.999991708776866,1.45136865293987e-06
1.13998594410718e-06,0.999997243784135,1.61622992067913e-06
1.61436531952952e-05,0.999982345291178,1.5110556262583e-06
0.0520421146312677,0.93903757937457,0.00892030599416247
0.334761396820931,0.618056943604287,0.0471816595747819
1.40837155158396e-06,0.999996478824882,2.11280356640845e-06
0.545798346990925,0.394363766818338,0.0598378861907365
0.00829203107499963,0.988933011718409,0.00277495720659141
0.998253802721933,0.00173678722732658,9.41005074017887e-06
0.999922529053063,7.14918042264683e-05,5.97914271087443e-06
7.76679611113338e-07,0.999998683056294,5.4026409452921e-07
2.75590907157601e-06,0.999996246634919,9.97456009836265e-07
2.13030360249952e-06,0.999996336917213,1.5327791849795e-06
3.87867183429608e-06,0.999995148567153,9.72761012953465e-07
1.1970118032464e-05,0.999986755061333,1.27482063487633e-06
5.85882361429464e-06,0.999993366076739,7.75099646590522e-07
0.676724110455395,0.0377495323270615,0.285526357217544
0.583637477568907,0.322970169493733,0.0933923529373594
4.38079026807257e-06,0.999994503826749,1.11538298322143e-06
1.74127563558092e-05,0.999981380421308,1.20682233648157e-06
0.312864963661534,0.384195768254181,0.302939268084285
0.373990429179393,0.241819257055711,0.384190313764896
0.753881815589554,0.0996156219984067,0.146502562412039
0.833752217257897,0.162283871914899,0.0039639108272035
0.999983103717955,1.40075175738821e-05,2.88876447079614e-06
0.667176325759757,0.146297340107482,0.186526334132762
2.65940481181099e-05,0.110997628943196,0.888975777008686
0.0677279354545816,0.0540065211710144,0.878265543374404
0.999967347129406,2.91112638321367e-05,3.54160676168572e-06
0.625012879915072,0.270002244405266,0.104984875679662
0.00145685469791897,0.997864981831006,0.000678163471075003
1.13405696733446e-06,0.99999848150799,3.84435042805332e-07
0.337885213798131,0.537791590639595,0.124323195562274
1.50218636491297e-09,4.04745746967929e-06,0.999995951040344
0.330804791000475,0.00980918965466606,0.659386019344859
0.678316154145906,0.254992357763711,0.0666914880903833
0.0143260750720379,0.946757828812811,0.0389160961151507
0.999896397807233,9.12773205805707e-05,1.23248721860322e-05
0.020458385705334,0.115071085945268,0.864470528349398
1.18660986891963e-05,0.999985987469024,2.14643228725178e-06
0.999990130325342,4.61658648575801e-06,5.25308817181531e-06
0.383798103299614,0.61185083356735,0.00435106313303595
0.212754141958057,0.74472473262922,0.0425211254127231
0.360896543789765,0.635243683524029,0.00385977268620528
0.999931905162436,6.62673601565014e-05,1.82747740757692e-06
0.0176302050628684,0.917482024638749,0.0648877702983827
0.999918337415425,7.8155541167587e-05,3.50704340756243e-06
4.15419189076476e-06,0.999994743554509,1.10225360059238e-06
0.374741010921887,0.210571531249511,0.414687457828602
1.30827929455371e-05,0.999985071724881,1.84548217357783e-06
0.355515851569109,0.588437888565046,0.0560462598658446
6.59788734127984e-06,0.99999258314726,8.18965398252107e-07
0.999963330594847,3.52150821751221e-05,1.45432297759732e-06
0.501701173251899,0.492867517732838,0.0054313090152631
0.999826651497305,0.000170062562610131,3.28594008458782e-06
0.999983680779065,6.87911717587269e-06,9.44010375887461e-06
0.305963291941985,0.581090451361075,0.11294625669694
0.00386823853291941,0.778037686366901,0.21809407510018
1.35361373730823e-05,0.999985126859158,1.33700346879147e-06
1.70722489004793e-06,0.999997780492943,5.12282166604953e-07
2.84844228786598e-06,0.127967486057228,0.872029665500484
0.336311854287787,0.580719248682852,0.0829688970293609
0.288891324429741,0.525798504349118,0.185310171221141
0.0579006942950221,0.938329728876568,0.00376957682840981
0.666102895834634,0.307195119746442,0.0267019844189236
9.43407701094754e-07,0.999998096332845,9.60259454072641e-07
6.40855379636942e-09,2.33572927434526e-05,0.999976636298703
3.27323487326828e-06,0.999996157488663,5.69276464055979e-07
2.68335036416469e-09,5.79109777468779e-06,0.999994206218875
2.09072492944157e-06,0.999997406148189,5.03126881427686e-07
1.07479132070278e-06,0.999998451745666,4.73463013737355e-07
1.51187631704078e-06,0.999997414757679,1.07336600354376e-06
0.226845802053076,0.00971047663219513,0.763443721314729
0.629689728442648,0.284534963951958,0.0857753076053931
0.437665485257137,0.0447213180986027,0.517613196644261
0.999995359496823,3.06425983199072e-06,1.5762433445573e-06
0.999990027560711,8.42948007522359e-06,1.54295921391653e-06
0.0107298256064648,0.988110187646323,0.00115998674721186
0.377321478718737,4.74248871108689e-07,0.622678047032391
0.558564215306988,0.388957623465503,0.0524781612275096
0.998805531996344,0.00117784370196731,1.66243016889782e-05
0.999930430143682,2.13566458901822e-05,4.82132104280847e-05
0.376980469993903,0.123137056291738,0.499882473714359
2.26582922285387e-05,0.999975206567245,2.13514052613738e-06
2.86795721901778e-09,0.000102895740019222,0.999897101392024
1.24605046975621e-06,0.999997124240654,1.62970887603689e-06
9.81947256342125e-10,5.56491098611504e-06,0.999994434107067
2.04494128489582e-05,0.999975481290814,4.06929633732808e-06
8.10780007385424e-06,0.999987466132544,4.42606738181713e-06
0.335062171498713,0.321862499145025,0.343075329356261
1.14789055730678e-06,0.999998257156657,5.9495278565743e-07
0.364605674897371,0.000245483992171404,0.635148841110458
0.661597233526077,0.085601797399646,0.252800969074277
0.372735655768059,0.62385558252625,0.00340876170569119
0.399691571638009,0.0231393082312496,0.577169120130741
0.279810306188308,0.591087234019354,0.129102459792338
0.475360073776658,0.453066009225932,0.0715739169974104
0.0865292788953671,0.905880347880542,0.00759037322409119
5.04943404356464e-06,0.999994307330325,6.43235631024778e-07
1.14398421575914e-05,0.999985371827134,3.18833070806096e-06
0.0270631766642291,0.969821413636489,0.00311540969928234
2.26575970027107e-06,0.999993801791421,3.93244887912818e-06
0.0635633013777434,0.144288931393741,0.792147767228516
0.99998888097167,6.86856658294929e-06,4.25046174708398e-06
0.0824711496627168,0.0622134318685511,0.855315418468732
0.0773754493123719,0.038215387550719,0.884409163136909
4.24459112106274e-06,0.999990210193027,5.54521585174631e-06
0.999908997118538,8.71042237558274e-05,3.89865770594256e-06
0.396314226012572,0.129051039686359,0.474634734301069
1.33879116487396e-06,0.999997249763584,1.41144525146204e-06
0.999977863091418,2.07344729841376e-05,1.40243559756795e-06
0.0715866950350499,0.0370658141678402,0.89134749079711
0.993927950851354,0.00601813819315547,5.3910955490431e-05
0.645815357992599,0.243984059574146,0.110200582433255
0.999976833302527,2.04217876623835e-05,2.74490981019932e-06
1.75665256460356e-09,6.61071453166769e-06,0.999993387528816
0.237328573395958,0.749682936854865,0.012988489749177
2.02400818988053e-09,5.15852365849079e-06,0.999994839452333
2.24200214883979e-05,0.999975685356191,1.89462232026561e-06
2.14578145038588e-06,0.999996681638358,1.17258019154813e-06
0.999995429869933,1.68666074960657e-06,2.8834693177354e-06
0.230047492096351,0.755454074064804,0.0144984338388441
0.999910570855085,8.59463580584919e-05,3.48278685634984e-06
9.00941861959509e-05,0.999902417922256,7.48789154787515e-06
2.03253655999519e-06,0.999996852851831,1.11461160905696e-06
0.999760419151621,0.000235790324227886,3.79052415161407e-06
0.997046238262542,0.00293406057371029,1.97011637481638e-05
2.06683154902866e-09,2.95073256792972e-06,0.999997047200601
4.22932013068927e-06,0.999994941894534,8.28785335012836e-07
2.25168441138424e-05,0.999975244711266,2.23844462008729e-06
2.48580496345645e-06,0.999996819800276,6.94394760143243e-07
0.999964798198845,3.35139554744308e-05,1.68784568043645e-06
2.12282784328385e-06,0.999997282429227,5.9474292956791e-07
0.142073033875494,0.854889564428708,0.00303740169579829
0.296395627251911,0.567355238773921,0.136249133974168
0.336178660205912,0.402025754935009,0.26179558485908
0.95351341715642,0.0458446825687725,0.000641900274807873
0.726009665447107,0.139768368924243,0.13422196562865
4.79524379641046e-05,0.99991884981017,3.31977518660756e-05
0.0502173895307312,0.0679965320028195,0.881786078466449
0.011487867964827,0.987582045026371,0.000930087008802231
3.10705200846832e-06,0.999996264011393,6.28936598416901e-07
6.19791826627673e-06,0.999973680775633,2.01213061005785e-05
5.53799129131481e-10,3.50787115688057e-06,0.999996491575044
0.999984792658886,1.22078308150816e-05,2.99951029917598e-06
2.56992025845918e-06,0.999996500086225,9.29993516326648e-07
0.999994795514091,9.17161984908186e-07,4.28732392365486e-06
1.50204318728319e-05,0.999983770580604,1.20898752357438e-06
1.4013793599053e-09,9.03653030278868e-05,0.999909633295593
0.29167245082471,0.617036998104502,0.091290551070788
2.02716689617552e-06,0.999996073889444,1.8989436597933e-06
0.999991488974878,6.52316017525154e-06,1.98786494695404e-06
1.00475512884229e-06,0.999998070297704,9.24947166986049e-07
5.60254763381918e-06,0.999993495227959,9.02224407386503e-07
0.527329381538955,0.428698511739783,0.0439721067212619
0.107963888147223,0.88947177345279,0.00256433839998712
4.66327743063125e-06,0.999988513475883,6.82324668622986e-06
0.1137265008803,0.881240704850517,0.00503279426918367
0.000365535878797152,0.999560616475553,7.38476456492959e-05
0.0648923104722775,0.733047322001728,0.202060367525994
1.19358572807562e-06,0.999997757534166,1.0488801061836e-06
0.00248138539319091,0.981171229455561,0.0163473851512484
0.610144979535961,0.00751233842834315,0.382342682035696
1.13808792188178e-05,0.999987668360817,9.50759964294425e-07
0.999919794753448,7.69412703128643e-05,3.26397623883374e-06
8.85103893111509e-07,0.999998546299319,5.68596788050574e-07
0.176611666847462,0.0175554224112758,0.805832910741262
8.85730803077953e-07,0.999997991623195,1.12264600216677e-06
0.374250296735463,0.311892861021998,0.313856842242539
3.30555831154611e-06,0.999995952861117,7.41580571827427e-07
5.82339238789415e-06,0.999992447341586,1.72926602605118e-06
0.999994822864117,3.0834709103066e-06,2.09366497252006e-06
0.333043160186159,0.450989442092216,0.215967397721625
0.366502862005987,0.573610046420605,0.0598870915734085
2.20832744633284e-06,0.999997174881371,6.16791182415356e-07
2.93883008927335e-06,0.999996405010467,6.56159443592011e-07
5.09017436550924e-05,0.999943954772808,5.14348353659317e-06
1.23272877755368e-05,0.999983670164903,4.00254732106206e-06
0.999915627344595,1.74246809521521e-06,8.26301873099997e-05
0.298518036424736,0.516059887347037,0.185422076228227
0.499384146995021,0.465090079520836,0.0355257734841433
0.998685069781132,0.00130161458291362,1.33156359546622e-05
1.50378091953247e-06,0.999997429267473,1.0669516076191e-06
2.24300020979133e-06,0.999996898527726,8.58472064341862e-07
0.0210310481883986,0.943680379448403,0.035288572363198
0.144274810531178,0.0010566054695954,0.854668583999227
0.308766990672501,0.497251200921543,0.193981808405956
0.105993520891315,0.888500201419439,0.00550627768924673
1.71132009352326e-06,0.999997798871726,4.89808180629237e-07
2.99375334954829e-06,0.999992936035109,4.07021154189396e-06
0.375440709868383,0.57751237584105,0.0470469142905674
0.435026733261238,0.538389080937029,0.0265841858017331
1.29024720758525e-06,0.00177719531489966,0.998221514437893
0.000768698915584969,0.998893544804195,0.000337756280220031
9.2422542466994e-07,0.999998200103159,8.7567141587447e-07
3.5543386612516e-10,1.11225762378847e-05,0.999988877068328
2.41121365711757e-06,0.999997013158479,5.75627863781687e-07
1.71870007555456e-06,0.999997701336537,5.79963387781894e-07
1.13557298394026e-06,0.999997731259203,1.13316781311564e-06
0.935922792758854,6.02502990760309e-06,0.0640711822112379
0.999748560835678,0.000248324482758305,3.11468156373141e-06
0.0365597312789921,0.104262821956951,0.859177446764056
0.00175411102630709,0.997965707554419,0.000280181419274049
0.38435032668147,0.154378704973641,0.46127096834489
0.0178111577681494,0.800988227435367,0.181200614796483
0.584394047382385,0.363549406983174,0.0520565456344416
3.59193170446897e-06,0.999993035415586,3.37265270941323e-06
9.24090939271149e-07,0.99999801163103,1.06427803091808e-06
0.28664111229134,0.573421468496279,0.139937419212381
1.02595547323052e-05,0.999988194531774,1.54591349381018e-06
1.58046230140185e-06,0.999998032079913,3.87457785383471e-07
0.0449599062219268,0.950621296655288,0.00441879712278492
0.999986559443196,1.19488282950127e-05,1.49172850878971e-06
9.812219873276e-06,0.999989048770015,1.1390101120128e-06
8.55669424513542e-07,0.999998769791936,3.74538639070037e-07
0.999973413394896,2.52810871010496e-05,1.30551800308532e-06
1.20037271426703e-05,0.999984072712804,3.92356005376011e-06
9.83909503215552e-07,0.999998577738101,4.38352396209959e-07
4.5990305174445e-10,7.3165743479912e-06,0.999992682965749
0.306123623217518,0.657412085764545,0.0364642910179371
0.999962216149989,3.63948802733192e-05,1.38896973769306e-06
1.08527866666067e-05,0.999985384952699,3.76226063442445e-06
0.720927450177893,0.27836268993372,0.000709859888386632
4.48738849293284e-06,0.999993762028579,1.75058292831579e-06
4.89024057471102e-06,0.999994162327374,9.47432051473393e-07
0.0477019914240341,0.0649389828541876,0.887359025721778
2.22644445560083e-06,0.9999928355012,4.93805434480875e-06
0.477901461424392,0.434468466171579,0.0876300724040296
0.20225088412602,0.715190154613489,0.082558961260491
0.317212566346566,0.489509380087002,0.193278053566432
5.8657242066345e-06,0.99999217666874,1.95760705338162e-06
0.000114165456967955,0.999738180109623,0.000147654433409187
0.999977013961644,2.14174114824034e-05,1.5686268734713e-06
1.0211917332521e-06,0.999998122039723,8.56768543737806e-07
2.77608063686885e-06,0.999996684033338,5.39886024805558e-07
0.999992516691806,2.99435411549423e-06,4.48895407845138e-06
0.351270416447368,0.00190423142155662,0.646825352131075
4.32375115761541e-06,0.999995100527484,5.75721357916376e-07
0.914282491041567,0.0800343738271793,0.0056831351312533
0.10972832390606,0.0514435351613393,0.8388281409326
2.13368294666804e-05,0.999976756039765,1.90713076810843e-06
7.98635076326735e-06,0.999990932005595,1.08164364195207e-06
0.999894116783195,0.000103868862606547,2.01435419862866e-06
0.613113307931416,0.379941287121778,0.00694540494680524
2.67534393649849e-06,0.999996233818325,1.09083773860103e-06
1.67441365169044e-09,1.90660421209581e-05,0.999980932283465
0.493829063794355,3.25977374339853e-09,0.506170932945871
1.9760035767753e-06,0.999997379029709,6.44966714523654e-07
8.34252554321873e-06,0.999990633879936,1.02359452043066e-06
0.324207234323859,0.0197465962655182,0.656046169410623
0.000247794173415011,0.617003523118128,0.382748682708457
0.262585277685621,0.708211686891555,0.0292030354228243
0.879952408224959,0.119774107412204,0.00027348436283684
1.3361920085227e-05,0.999977505751991,9.13232792379516e-06
9.37200896477782e-06,0.999988669887387,1.95810364782499e-06
0.998052065314172,0.0019322628363835,1.56718494441301e-05
2.14267771675432e-05,0.999940105543766,3.8467679066772e-05
0.999995794579003,1.61747166332011e-06,2.5879493339928e-06
3.79743313737821e-10,3.23491074084145e-06,0.999996764709516
1.53760850390254e-06,0.999996509377627,1.95301386953378e-06
3.22821365006786e-06,0.999996007694292,7.64092058163456e-07
0.604417021573557,0.317321078100821,0.0782619003256217
0.35515631462917,0.379504309239851,0.265339376130979
0.999985753587189,1.30587910097883e-05,1.18762180101671e-06
0.99988853305672,0.000108528007812764,2.93893546725317e-06
0.307784787789849,0.669383908681472,0.0228313035286797
4.22895583120409e-06,0.999994951387421,8.19656748014928e-07
9.57224317200669e-06,0.999988827004591,1.60075223705444e-06
4.91426423232194e-10,1.34035824440173e-05,0.99998659592613
0.999886232463788,0.000106710939597815,7.05659661392426e-06
0.3189714305793,8.03238831892129e-09,0.681028561388312
1.26504139773077e-06,0.999998195322206,5.39636396081631e-07
7.82898650025816e-07,0.999998796179815,4.20921535402365e-07
0.0469604526279373,0.0269744997065426,0.92606504766552
1.82298747434862e-06,0.999997376286808,8.00725718020022e-07
7.14990950240859e-06,0.999989233904923,3.61618557431845e-06
0.358165362739913,0.305204397697565,0.336630239562522
0.261646728547873,0.70961542103072,0.028737850421407
0.0329087870703029,0.0858898683181552,0.881201344611542
0.999994715426002,1.05914994099251e-06,4.22542405702259e-06
0.999637239332634,0.000356342856969575,6.41781039598595e-06
0.118713709543998,0.877722912006944,0.00356337844905807
1.1668107818135e-05,0.999986642790903,1.68910127914659e-06
0.000255459835687638,0.999716924586898,2.76155774144602e-05
0.356322932628185,0.628393252872374,0.0152838144994407
2.76150643688448e-06,0.999996290890193,9.47603369613996e-07
0.423697896077604,0.552308894421105,0.0239932095012911
0.000404588131699834,0.00725258212387025,0.99234282974443
0.653965325695547,0.341548386371588,0.00448628793286501
1.21235452694477e-06,0.999997715016086,1.07262938682565e-06
0.279957282804984,0.460533575920286,0.25950914127473
2.39106191957998e-06,0.999997082618123,5.26319957852022e-07
1.15438147191486e-06,0.999997835773778,1.00984475022461e-06
0.347102699852866,0.63702767359546,0.0158696265516739
0.0428758307777983,0.0974290198836275,0.859695149338574
0.0523715158895823,0.944568287001992,0.0030601971084256
0.999967455511231,3.02758526808493e-05,2.2686360883016e-06
0.0864922410753439,0.0663723718001945,0.847135387124462
6.13900138580378e-10,2.73775145444647e-05,0.999972621871555
0.0328100258955642,0.132048964302225,0.83514100980221
0.0107545254525557,0.943813468670942,0.0454320058765027
0.371441045815921,0.209661891049669,0.418897063134411
0.999972236374117,2.60696765083014e-05,1.69394937495443e-06
2.53166020363091e-06,0.999996982413169,4.85926627832767e-07
0.999993505191681,4.07648023431183e-06,2.41832808454529e-06
1.72180752468228e-06,0.999997803599277,4.74593198080211e-07
0.0847277270685091,0.0111294334147438,0.904142839516747
0.312731275710395,0.63127649557558,0.0559922287140259
6.19326940187868e-10,8.82750867984343e-06,0.999991171871993
4.08164224836847e-06,0.0627182415869063,0.937277676770845
0.352257621900283,0.354860138301252,0.292882239798464
2.67703794113606e-06,0.999996453065573,8.69896485904914e-07
0.999994172086832,1.37338124095102e-06,4.45453192736256e-06
2.69056090855007e-05,0.999971095074249,1.9993166656925e-06
0.175174720736683,0.000619197962705433,0.824206081300612
0.028185294029303,0.0297343588555114,0.942080347115186
0.999993537585222,5.13742866510602e-06,1.32498611307353e-06
0.372358066127387,0.248422543180922,0.379219390691691
1.79951681917617e-06,0.999997743147302,4.57335878303093e-07
0.302317693290823,0.649979975858494,0.0477023308506835
0.316090650720659,0.505757796540574,0.178151552738767
2.22937580768938e-05,0.999971961597713,5.74464420993235e-06
0.594754678031718,0.278743491752466,0.126501830215816
0.222817616950112,0.468750095016778,0.308432288033111
4.16295908066151e-06,0.999995080430694,7.56610225672673e-07
0.000223908639855456,7.52685676668121e-05,0.999700822792478
0.258107739847166,0.693651116949888,0.048241143202946
0.999971972843475,2.65912192067038e-05,1.43593731789917e-06
0.419426982786088,0.566868718436155,0.0137042987777574
2.66932955902169e-06,0.999996740061371,5.90609069772494e-07
2.15114203359849e-06,0.999997386294096,4.62563870390129e-07
1.6074802797074e-06,0.999995354764957,3.03775476371437e-06
0.0392895141705457,0.0928757168183425,0.867834769011112
0.999813797769866,2.75762623285678e-06,0.000183444603900952
1.54627441338758e-09,1.13196464537961e-05,0.999988678807272
0.999993207974905,3.67523558244384e-06,3.11678951210658e-06
4.63827677611836e-05,0.999944439880852,9.17735138661801e-06
1.13427782330888e-06,0.999997888904749,9.76817427574964e-07
0.336081525248267,1.84896239553318e-08,0.663918456262109
1.1162206296953e-06,0.999998260529097,6.23250273505768e-07
0.999977100466836,2.08099280077622e-05,2.08960515634559e-06
1.02279064353117e-06,0.99999851612358,4.61085776645501e-07
0.289449524487743,0.618341729720685,0.0922087457915721
7.21489958868427e-10,2.41296603824623e-06,0.999997586312472
0.332483406166941,0.604886315737314,0.0626302780957447
0.287839519408548,0.609138733637786,0.103021746953666
4.28799285406278e-06,0.999994909052033,8.02955112422897e-07
0.00026536082285772,0.999583788396101,0.000150850781041167
6.07879379311518e-06,0.999992112736835,1.80846937172213e-06
0.421948413240027,0.452992974643199,0.125058612116774
0.327009532978935,0.450831221938345,0.22215924508272
0.0148140431267849,0.106656237412151,0.878529719461064
0.0867349410981127,0.013263004552166,0.900002054349721
7.70335244654509e-05,0.99990139261759,2.15738579441106e-05
0.285597593343514,0.595574823241957,0.118827583414528
0.999992913886555,5.25077599340066e-06,1.83533745146468e-06
1.04223522569043e-05,0.999954969095866,3.46085518769893e-05
0.278055202704771,0.602509857104133,0.119434940191096
0.062663718065484,0.0583191987739399,0.879017083160576
0.17714376115935,0.0162068789058208,0.806649359934829
1.34886149860161e-06,0.999998280670282,3.7046821953051e-07
0.999990238509648,7.60714243537286e-06,2.15434791660734e-06
0.330452879782558,0.488215817526523,0.181331302690919
1.76493129155457e-06,0.999994876818223,3.35825048544436e-06
0.999969867177831,2.29222315111249e-05,7.21059065757684e-06
0.345379543853591,0.384436560057692,0.270183896088717
0.129518889119358,0.562787985463984,0.307693125416658
0.999987729492328,6.18773610548493e-06,6.08277156612051e-06
2.58359501764637e-05,0.999970919151239,3.2448985843345e-06
0.323679821945735,0.601541068348365,0.0747791097059
0.0788676295480267,0.0700943468531743,0.851038023598799
2.38547198976932e-06,0.999997122923308,4.91604702060108e-07
0.0590221614265941,0.0610447511225479,0.879933087450858
1.87773448646865e-06,0.999997579132404,5.43133109436932e-07
6.62987160066198e-06,0.999992162205818,1.20792258101481e-06
0.360036139511719,0.0993361382016017,0.540627722286679
4.66586142654211e-06,0.999990859148387,4.4749901866081e-06
1.76789988721301e-06,0.999996962756191,1.26934392214756e-06
0.492318619853359,3.88892378297121e-09,0.507681376257717
2.4257655465593e-06,0.99999638787833,1.18635612364497e-06
0.00477299058457889,0.974677540156484,0.0205494692589371
3.34821369686225e-06,0.999995696169448,9.55616854886681e-07
0.999992168214077,5.77221905561949e-06,2.05956686745233e-06
3.65329788297294e-06,0.0628679952416417,0.937128351460475
0.999910120443162,8.84215216444746e-05,1.45803519341398e-06
0.993835116648653,0.00612702662475734,3.78567265897974e-05
0.999983141272915,1.53218352140684e-05,1.5368918710549e-06
0.999211874039601,0.000707336299709193,8.07896606901374e-05
0.352608662327595,0.00109917097225072,0.646292166700155
0.0404179689102802,0.0939688059864367,0.865613225103283
6.84475859084304e-06,0.999992308132254,8.47109155618561e-07
0.515963453907013,0.482983859991185,0.00105268610180195
0.286594825791571,0.566619817623746,0.146785356584684
1.72393650211417e-06,0.999997271727462,1.00433603550047e-06
1.17201796118358e-09,5.88994835902804e-05,0.999941099344392
8.53595391451806e-10,5.20838499219885e-06,0.999994790761412
4.34307576630306e-10,9.92068773049764e-06,0.999990078877962
0.999989627306217,6.90061709878434e-06,3.4720766846475e-06
0.382980712932475,0.614562302161209,0.00245698490631627
0.999264556570089,0.000595287062603115,0.000140156367307751
6.96301315509132e-06,0.999992094872158,9.4211468707459e-07
0.999988157217085,9.75927006136553e-06,2.08351285408344e-06
0.804851096742731,0.0127401802569011,0.182408723000368
9.49816002683406e-07,0.999998698942414,3.51241582847122e-07
0.28270189238395,6.88704558690736e-05,0.717229237160181
0.42688345460174,0.259703186470102,0.313413358928158
0.999992531450965,5.14133310302097e-06,2.32721593180989e-06
0.296019639598142,0.545823519802046,0.158156840599812
7.95877670162404e-07,0.999998643335086,5.60787244072002e-07
0.99993251572887,6.55780750166821e-05,1.90619611315872e-06
0.999992993336924,2.13188181395363e-06,4.87478126250003e-06
0.676712214883797,0.185182417097479,0.138105368018725
0.999991265532151,7.59212119750864e-06,1.14234665125559e-06
0.999964709373194,3.39380903474116e-05,1.35253645829313e-06
0.999965656873849,3.30516853727031e-05,1.29144077844206e-06
0.233239421006829,0.0732829232231128,0.693477655770059
3.54772422964765e-05,0.999956932625094,7.59013260936148e-06
6.22373502072593e-06,0.999992168973342,1.60729163750992e-06
0.00360816693892497,0.0999398354655703,0.896451997595505
6.07815584258023e-10,3.64968582910392e-06,0.999996349706355
0.354480696693221,0.385224959144921,0.260294344161858
0.284491573573666,0.676764830885877,0.0387435955404563
0.338518920973594,0.599409641100985,0.0620714379254209
1.41029907013586e-06,0.999996775240534,1.81446039582746e-06
2.59535187362479e-06,0.999996681444193,7.23203933200815e-07
0.431465145213325,0.0748712669493889,0.493663587837286
1.02001593336558e-05,0.999988329299209,1.47054145765762e-06
6.59998458250328e-06,0.999986822557678,6.57745773966518e-06
0.383305937219698,0.000225854765475024,0.616468208014826
3.94913243033371e-06,0.99999540866197,6.42205599951342e-07
0.985149096452375,0.0146854396369269,0.000165463910698276
0.833306000338586,0.0240211626408559,0.142672837020558
4.6667253650232e-05,0.999948791610484,4.54113586587878e-06
0.00146075152372968,0.998463622201002,7.56262752682959e-05
1.08788838291412e-06,0.999998472716346,4.39395270771884e-07
0.387424809890062,0.544943685262889,0.0676315048470499
6.80010784812104e-06,0.99999229893433,9.00957822067468e-07
0.864960917992022,2.64660999771047e-05,0.135012615908001
0.0623129991951768,0.0666437759833813,0.871043224821442
4.20312060508104e-06,0.999994948921272,8.4795812300414e-07
0.450318113422952,0.0278361492884715,0.521845737288577
1.01112926042017e-05,0.999988145365778,1.74334161756047e-06
1.83831357381783e-06,0.999997576850183,5.8483624302581e-07
0.612747637344638,0.0390872282313453,0.348165134424016
0.999989746611435,8.41338060068699e-06,1.84000796469603e-06
0.999978068514902,1.96357500100591e-05,2.29573508786788e-06
1.56015562097171e-06,0.999997711885818,7.27958561259451e-07
1.25714370976611e-05,0.999986313225719,1.11533718370257e-06
0.283669823034898,0.642207107358708,0.0741230696063937
0.378192678876731,0.572114266879034,0.0496930542442344
0.217188395954325,0.721276254383159,0.0615353496625155
3.26484304780766e-05,0.999962864624213,4.48694530910668e-06
1.5103890203269e-09,4.50675187886982e-06,0.999995491737732
2.23401850071395e-06,0.999997185197282,5.80784217254699e-07
0.999969028505243,2.76927534246176e-05,3.27874133222069e-06
0.0261394693870937,0.121775781179964,0.852084749432942
0.429738899784056,0.514662537431077,0.0555985627848667
0.999970869561576,2.51896145708667e-05,3.94082385305199e-06
1.38050496999017e-06,0.999997983677648,6.35817381494511e-07
0.999995555074916,2.01698551640018e-06,2.42793956802027e-06
1.67927027735823e-06,0.999997572866292,7.47863430806558e-07
1.49575660978392e-06,0.999997911405681,5.92837709333476e-07
0.999986463283036,1.12192764845998e-05,2.31744047982885e-06
0.0481407934295186,0.949582952421907,0.00227625414857444
0.038493247357756,0.0709634892669867,0.890543263375257
0.285935713955547,0.674262808004884,0.0398014780395685
0.305996759433968,0.603316080841495,0.0906871597245377
7.76746228467374e-06,0.999991088852171,1.14368554393762e-06
1.17420966735156e-05,0.99998647300962,1.78489370625459e-06
0.332746914323129,0.000348271357894507,0.666904814318977
1.40304995725421e-09,3.68814390583731e-06,0.999996310453044
0.99997048641486,2.79591392353537e-05,1.55444590443949e-06
0.666048801833242,5.56420346378623e-06,0.333945633963294
0.0292156593093826,0.840289208196855,0.130495132493762
1.23045011492762e-09,7.93118844463175e-06,0.999992067581105
0.919475557049576,0.0803965674775457,0.000127875472878071
0.630937704682396,0.274149181443637,0.0949131138739662
2.86465829953674e-06,0.999996421063336,7.14278364760319e-07
9.11367378240139e-05,0.999892782944308,1.60803178676826e-05
1.47256753486784e-05,0.999983260639616,2.01368503575049e-06
0.999964511787048,3.39726289302166e-05,1.51558402213706e-06
1.53913788813288e-06,0.999998036462735,4.2439937684129e-07
0.0100554164853515,0.989435312548773,0.000509270965875597
0.999942396696357,5.55819939310734e-05,2.02130971182698e-06
3.27259791143623e-06,0.99999609359667,6.33805418957519e-07
1.06722357443278e-05,0.999988027100666,1.30066358947279e-06
0.410277402432046,0.574015073872037,0.0157075236959164
0.60395565237995,0.395264413542097,0.00077993407795338
0.564617512551802,2.71374623397477e-05,0.435355349985858
1.37675446861301e-06,0.999997782890874,8.40354657315393e-07
0.999299325057956,0.000696233906119056,4.44103592503247e-06
0.0450969441062264,0.117566633797574,0.8373364220962
1.17792604845956e-09,0.000144330085240454,0.999855668736834
0.590355553258818,0.408608405019848,0.00103604172133416
0.391789521719175,8.16380881686546e-09,0.608210470117016
6.5533315035579e-10,1.29474296415943e-05,0.999987051915025
0.28770168939851,0.634291357623021,0.0780069529784689
8.57735503491983e-06,0.999989941534159,1.48111080618203e-06
0.999989640731756,8.54583250145897e-06,1.81343574261549e-06
0.529946363473802,1.13367077898195e-06,0.470052502855419
1.86087714834336e-06,0.999997499560168,6.39562683466725e-07
1.97141304392518e-06,0.999995350680595,2.67790636095283e-06
2.66088684775059e-09,5.39603953076839e-06,0.999994601299582
1.13387283589823e-05,0.999987311257691,1.35001395039471e-06
1.57068294183724e-06,0.999998028789581,4.00527477455626e-07
1.09207500587387e-06,0.999998111200675,7.96724318662453e-07
0.999904732916878,6.74389065544704e-05,2.78281765679035e-05
0.342253352503208,0.585134102803962,0.0726125446928305
2.08586662641031e-05,0.999976758788169,2.38254556694122e-06
0.326689389096495,0.598412009554191,0.0748986013493144
9.77064692539304e-07,0.999997525044364,1.49789094300054e-06
1.5802253303682e-06,0.999997713990456,7.0578421354066e-07
0.33803438491114,0.439674990871636,0.222290624217224
0.999779906653788,0.000208729726086919,1.13636201248909e-05
6.14446497391507e-06,0.999992504811526,1.35072350004026e-06
0.27577430114508,0.700684636521917,0.0235410623330027
0.353522242077519,0.318005898815936,0.328471859106546
2.11079642585896e-09,2.95440493392124e-05,0.999970453839864
0.999994500139518,1.17683126652083e-06,4.32302921572917e-06
1.28502027680059e-06,0.999998132330047,5.82649676128429e-07
0.999962093197245,3.5686318636028e-05,2.22048411851133e-06
8.94474330459809e-06,0.999990157532292,8.97724403200398e-07
0.999991645079805,2.27206902046088e-06,6.08285117482818e-06
0.700665967266282,0.0788218036695183,0.2205122290642
0.323075906800095,0.649799942490289,0.0271241507096163
2.98700274432255e-05,0.999967201595395,2.9283771613997e-06
0.288825510441834,0.695797424343815,0.015377065214351
1.69800138632482e-06,0.999997769654062,5.32344551882331e-07
0.319881168979656,0.447387456318719,0.232731374701625
1.95338350495099e-06,0.999997229877031,8.16739464445864e-07
1.149015830102e-06,0.999997352282544,1.49870162606073e-06
0.498416640916906,2.5877011704653e-07,0.501583100312977
0.757854507488012,0.20586236694439,0.0362831255675983
3.78250158527367e-10,1.21295089582038e-05,0.999987870112792
1.36605148129916e-06,0.999997382488371,1.25146014817143e-06
9.05216466124752e-06,0.999988902465031,2.04537030797905e-06
0.00666548145255118,0.992899275492375,0.000435243055073366
0.694847432371765,0.0282393130901313,0.276913254538103
1.09824912061957e-06,0.999998465289859,4.36461020421617e-07
0.43889250010933,0.558619367240396,0.00248813265027416
0.323190042211071,0.0359219507793625,0.640888007009567
0.00450915017244473,0.118754165411792,0.876736684415764
0.999990616030224,1.34796897810585e-06,8.03600079754055e-06
0.999993860555053,4.39020393259047e-06,1.74924101427995e-06
6.36108429098284e-06,0.152829703339439,0.84716393557627
0.684260983387935,0.181584032948484,0.134154983663581
2.26443360527869e-05,0.999975788314363,1.56734958405953e-06
5.8170889605626e-06,0.999993266318557,9.16592482887513e-07
0.00709667387500422,0.229429434104884,0.763473892020112
4.89361204607416e-10,8.16459050176859e-06,0.999991834920137
5.44207699504318e-10,3.46511793769941e-06,0.999996534337855
0.405818764785156,0.0798957216518303,0.514285513563014
7.01134896130824e-06,0.999991692884634,1.29576640442845e-06
2.54550995974334e-05,0.999971361643414,3.18325698897237e-06
0.0486552687567693,0.135446222492427,0.815898508750804
0.99997683257671,7.30702129308147e-06,1.58604019971835e-05
0.999907653183621,9.05260095047167e-05,1.82080687461715e-06
1.12117969447928e-05,0.999986922952173,1.86525088256391e-06
0.532196454900502,0.00222671534534386,0.465576829754154
1.09794807119887e-06,0.999998161243846,7.40808083000136e-07
0.28572282987859,0.644843355483017,0.0694338146383933
0.0245271221675327,0.125606035744599,0.849866842087868
7.54640773616383e-07,0.999998746466036,4.98893190354528e-07
0.625878334640707,0.203265513495459,0.170856151863834
0.627883998368426,0.289111579502443,0.0830044221291301
1.14066902821753e-05,0.999986704178634,1.88913108380012e-06
0.0391702119783938,0.957991057898378,0.00283873012322814
0.0839526954357045,0.0633110551803941,0.852736249383901
0.666148699076563,0.138591302506071,0.195259998417366
2.24756225033664e-06,0.999995464939512,2.28749823796011e-06
0.648915084778299,0.238158086825011,0.11292682839669
2.70064973823407e-06,0.999995704079663,1.59527059862885e-06
2.2396114121218e-06,0.999996784398045,9.7599054264327e-07
0.346732821619185,0.313265865959271,0.340001312421544
0.999621378264562,0.000374602554433587,4.01918100458961e-06
0.0355568835605304,0.176982016321762,0.787461100117708
0.290140759676573,0.039335092360201,0.670524147963226
5.60971794158256e-06,0.999993265145323,1.12513673523984e-06
2.59667452034741e-06,0.999996724674658,6.78650821354396e-07
4.96481279128651e-07,1.73546584394735e-05,0.999982148860281
0.268602686850917,0.606039802831392,0.125357510317691
0.0521889605933358,0.0166528619854618,0.931158177421202
1.62081373227501e-09,6.2326101172411e-06,0.999993765769069
6.83492458428722e-07,0.999998916108256,4.00399286057605e-07
3.22523238365331e-06,0.999993546362078,3.22840553872845e-06
0.284827760582448,0.480572610921915,0.234599628495637
0.306920623945659,0.521237461385941,0.1718419146684
0.999976517226311,1.97229171705908e-05,3.75985651820691e-06
7.99033995460359e-07,0.999998707873482,4.93092522866454e-07
1.00024087265947e-06,0.999998314035372,6.85723755630201e-07
0.000579436159679535,0.902298412924225,0.097122150916095
1.06602517178809e-06,0.999998345434739,5.88540089400343e-07
1.86460748200398e-06,0.99999595555168,2.17984083801012e-06
0.0420997725294916,0.239255770947494,0.718644456523014
4.58255467233082e-06,0.999994452894238,9.64551090129181e-07
0.0305802577126028,0.967663659711741,0.00175608257565656
3.6447628379917e-06,0.999994617932061,1.73730510137485e-06
4.57141998668686e-06,0.999993202831292,2.22574872156678e-06
0.672598593835497,0.163786573847321,0.163614832317182
0.389584944909512,0.337080966843218,0.27333408824727
0.0585681412415398,0.220852528578936,0.720579330179524
0.322798660934139,0.471980191444653,0.205221147621208
0.474736830105114,0.511781735013252,0.0134814348816342
0.999991291700362,7.34799182550805e-06,1.36030781288278e-06
0.0414089615339838,0.0240431099524372,0.934547928513579
0.317925823695735,0.461497177482065,0.220576998822199
3.09862191337324e-06,0.999996377836556,5.23541530539035e-07
0.989616560936919,0.0103300197410894,5.34193219917279e-05
0.999917191413531,8.13700089794545e-05,1.43857748983482e-06
0.783652287619148,0.155015992203512,0.0613317201773403
0.137032490368782,0.374760927730788,0.488206581900431
0.35444566616536,0.446225928615286,0.199328405219354
0.999983932180112,9.45518660446721e-06,6.61263328322352e-06
0.311523680768464,0.622899435186399,0.0655768840451369
0.757208388988208,0.123798046324974,0.118993564686818
1.2504989443796e-06,0.999998135402561,6.14098494632494e-07
0.396222188185122,0.00874109728786777,0.595036714527011
2.57432957261586e-06,0.999996913381777,5.12288649892838e-07
5.92708002707066e-10,2.37169177108752e-06,0.999997627715521
0.104931859211332,0.835670608570407,0.0593975322182608
1.35984589333738e-06,0.99999755171429,1.08843981674958e-06
0.346464622695622,0.636273933913024,0.0172614433913542
0.998431257301237,0.00150216933389547,6.65733648672984e-05
9.1747928988921e-07,0.999998603627765,4.78892945433213e-07
3.00677825205191e-06,0.999993612064516,3.38115723185748e-06
0.936409318079163,0.000442912497846547,0.0631477694229908
3.69592552700454e-05,0.999959700339706,3.34040502410618e-06
1.44384096576884e-08,0.000347353359182964,0.999652632202407
0.0237161090457739,0.126615129628729,0.849668761325497
0.183862306173937,0.730923459166106,0.0852142346599574
0.748797346354183,0.117713560541343,0.133489093104473
0.406825812017987,0.00267532121995582,0.590498866762057
1.15423058396516e-06,0.999997693471422,1.15229799421293e-06
0.652339981536112,0.220264881968216,0.127395136495673
0.0592281563869196,0.00963561811336136,0.931136225499719
6.42354061380103e-06,0.999992488861093,1.08759829295917e-06
0.999968062297896,3.03059892478538e-05,1.63171285600651e-06
0.000309219318149695,0.999412818491602,0.000277962190248037
1.19439842780362e-06,0.999997452296815,1.35330475694681e-06
0.29120946619527,1.1414323278939e-07,0.708790419661497
1.2804589427248e-06,0.999998284940432,4.34600625673247e-07
0.999992714594704,1.92866282859498e-06,5.35674246711932e-06
0.0807757920819832,0.907962522962587,0.0112616849554296
3.45488926572042e-10,7.16205551843584e-06,0.999992837598993
0.0531708210882442,0.0196495653159114,0.927179613595844
0.0147948214912828,0.12415144490654,0.861053733602177
9.45609193138173e-07,0.999998098024628,9.56366179244059e-07
0.235301092569342,0.104180314642737,0.660518592787921
0.993424435635321,0.00641091443611535,0.000164649928563425
0.313152921392078,0.681908887114667,0.00493819149325515
0.322761122163829,0.64580074623025,0.0314381316059212
2.45993571415387e-06,0.999996290097255,1.24996703036902e-06
0.920151114199229,0.0758838095199108,0.00396507628085986
0.999980015987416,1.8685314563491e-05,1.29869802055364e-06
0.999111783507178,0.000882357664945205,5.85882787726277e-06
