0,1,2,label
3.138406464131549e-05,0.9999265670776367,4.226011878927238e-05,1.0
0.00011040114623028785,4.361818719189614e-05,0.9998460412025452,2.0
0.9998974800109863,5.788360795122571e-05,4.4503733079181984e-05,0.0
0.9999036192893982,4.684550003730692e-05,4.950697984895669e-05,0.0
5.011568282498047e-05,0.9999313354492188,1.8750113667920232e-05,1.0
2.91434826067416e-05,0.9999265670776367,4.436207382241264e-05,1.0
7.66096418374218e-05,5.455800783238374e-05,0.9998688101768494,2.0
4.73940817755647e-05,0.9999279379844666,2.4676757675479166e-05,1.0
3.74323244614061e-05,0.999934732913971,2.7905660317628644e-05,1.0
3.3146028727060184e-05,0.9999327063560486,3.4174954635091126e-05,1.0
5.3486488468479365e-05,0.9999279379844666,1.8681199435377494e-05,1.0
4.035931851831265e-05,0.9999337792396545,2.5774525056476705e-05,1.0
0.999898374080658,4.576237915898673e-05,5.5762189731467515e-05,0.0
0.99990314245224,5.088237230665982e-05,4.5788918214384466e-05,0.0
4.2858860979322344e-05,0.9999337792396545,2.3223377866088413e-05,1.0
5.841960592078976e-05,3.835960160358809e-05,0.99990314245224,2.0
0.007565194275230169,0.3104281425476074,0.6820067167282104,2.0
6.518005102407187e-05,0.9999184012413025,1.6325840988429263e-05,1.0
0.9998164772987366,8.413305477006361e-05,9.967730147764087e-05,0.0
4.241088026901707e-05,0.9999284148216248,2.9183976948843338e-05,1.0
4.439495751284994e-05,0.9999308586120605,2.477565431036055e-05,1.0
3.686435957206413e-05,0.9999361038208008,2.6975225409842096e-05,1.0
0.2632017135620117,0.728801429271698,0.007996894419193268,1.0
4.369925591163337e-05,0.9999303817749023,2.589181713119615e-05,1.0
4.2290113924536854e-05,0.9999331831932068,2.4572840629843995e-05,1.0
4.165690916124731e-05,0.9999327063560486,2.5490913685644045e-05,1.0
4.194948633085005e-05,0.9999226927757263,3.518980520311743e-05,1.0
6.119613681221381e-05,0.9999222755432129,1.6797126590972766e-05,1.0
3.694781116792001e-05,0.9999331831932068,2.9665590773220174e-05,1.0
5.503386273630895e-05,0.00010059224587166682,0.999844491481781,2.0
4.758211798616685e-05,0.9999308586120605,2.149479405488819e-05,1.0
3.292257315479219e-05,0.9999260902404785,4.113501199753955e-05,1.0
3.71248388546519e-05,0.9999331831932068,2.953835246444214e-05,1.0
5.072355634183623e-05,5.319160482031293e-05,0.9998960494995117,2.0
3.9574020775035024e-05,0.9999337792396545,2.6661435185815208e-05,1.0
5.760886051575653e-05,0.9999179244041443,2.431923712720163e-05,1.0
4.4752625399269164e-05,0.9999313354492188,2.388856046309229e-05,1.0
3.4562861401354894e-05,0.9999303817749023,3.487090361886658e-05,1.0
5.0262678996659815e-05,5.597542258328758e-05,0.9998936057090759,2.0
6.226573896128684e-05,0.9999213218688965,1.6691987184458412e-05,1.0
4.530382284428924e-05,0.9999308586120605,2.3991255147848278e-05,1.0
4.390494723338634e-05,0.9999131560325623,4.294929021853022e-05,1.0
0.6695907115936279,0.3262709677219391,0.004138373304158449,0.0
4.45073819719255e-05,7.067107799230143e-05,0.9998851418495178,2.0
0.9999027252197266,5.313578367349692e-05,4.430905028129928e-05,0.0
0.9998960494995117,5.1766626711469144e-05,5.2249321015551686e-05,0.0
5.066786252427846e-05,0.9999236464500427,2.548549309722148e-05,1.0
4.749606887344271e-05,0.9999322891235352,2.041771585936658e-05,1.0
4.1688264900585636e-05,0.9999331831932068,2.5102297513512895e-05,1.0
0.9998403191566467,9.17465949896723e-05,6.800092523917556e-05,0.0
4.31760199717246e-05,0.9999342560768127,2.2531528884428553e-05,1.0
4.413407441461459e-05,0.999931812286377,2.3912083634058945e-05,1.0
5.172418968868442e-05,0.9999303817749023,1.791128670447506e-05,1.0
5.4587882914347574e-05,0.9999270439147949,1.8416394595988095e-05,1.0
5.3799365559825674e-05,0.9999242424964905,2.1993073460180312e-05,1.0
8.989811612991616e-05,0.9998970031738281,1.2933835023432039e-05,1.0
6.369590118993074e-05,0.9999208450317383,1.53383025462972e-05,1.0
0.9999004006385803,5.661336763296276e-05,4.3175237806281075e-05,0.0
0.9999027252197266,5.4334010201273486e-05,4.289860589778982e-05,0.0
4.6069995732977986e-05,0.999931812286377,2.233430313935969e-05,1.0
6.330529868137091e-05,6.110498361522332e-05,0.9998756051063538,2.0
3.6365658161230385e-05,0.9999331831932068,3.066919089178555e-05,1.0
6.418819248210639e-05,0.9999151825904846,2.0854222384514287e-05,1.0
5.719844193663448e-05,0.9999251365661621,1.7558957551955245e-05,1.0
3.862596713588573e-05,0.9999356269836426,2.5682094928924926e-05,1.0
3.761532570933923e-05,6.75139672239311e-05,0.9998951554298401,2.0
5.468594827107154e-05,3.910532177542336e-05,0.999906063079834,2.0
4.296690531191416e-05,0.9999337792396545,2.36444338952424e-05,1.0
4.1057137423194945e-05,0.9999308586120605,2.8114069209550507e-05,1.0
4.747777711600065e-05,0.9999322891235352,2.0354784282972105e-05,1.0
2.5808911232161336e-05,0.9996253252029419,0.0003490192466415465,1.0
4.283405723981559e-05,0.9999342560768127,2.2930436898604967e-05,1.0
4.124988117837347e-05,0.9999351501464844,2.3638232960365713e-05,1.0
4.941179940942675e-05,6.178330659167841e-05,0.9998888373374939,2.0
4.115282354177907e-05,0.9999361038208008,2.2748215997125953e-05,1.0
4.296690531191416e-05,0.9999337792396545,2.36444338952424e-05,1.0
3.2744814234320074e-05,0.9999242424964905,4.331479794927873e-05,1.0
0.999904215335846,5.247262743068859e-05,4.330571027821861e-05,0.0
3.859580829157494e-05,0.9999322891235352,2.8999975256738253e-05,1.0
5.613301254925318e-05,0.9999247193336487,1.9455557776382193e-05,1.0
2.8974600354558788e-05,0.9999274611473083,4.3429459765320644e-05,1.0
5.19214263476897e-05,0.9999294877052307,1.8784012354444712e-05,1.0
4.951217852067202e-05,0.9999303817749023,2.0381376089062542e-05,1.0
0.9998874664306641,7.20987663953565e-05,4.0493992855772376e-05,0.0
4.733261084766127e-05,0.9999294877052307,2.3277525542653166e-05,1.0
4.626146255759522e-05,4.9803798901848495e-05,0.999904215335846,2.0
3.362766801728867e-05,0.9999242424964905,4.204548895359039e-05,1.0
5.8353518397780135e-05,0.9999147057533264,2.692207635845989e-05,1.0
0.9999017715454102,5.3235093218972906e-05,4.499930582824163e-05,0.0
0.00011008289584424347,0.9998683929443359,2.1382589693530463e-05,1.0
4.5661588956136256e-05,0.9999331831932068,2.1108377040945925e-05,1.0
0.0072801546193659306,0.2961123287677765,0.6966073513031006,2.0
3.788028334383853e-05,0.9999331831932068,2.9134256692486815e-05,1.0
4.150336826569401e-05,0.9999313354492188,2.7066676921094768e-05,1.0
0.9999027252197266,5.313188012223691e-05,4.4311756937531754e-05,0.0
4.684237137553282e-05,4.860798435402103e-05,0.9999046921730042,2.0
6.288763688644394e-05,0.9999217987060547,1.5230177268676925e-05,1.0
5.469460302265361e-05,0.9999274611473083,1.8002305296249688e-05,1.0
4.95836247864645e-05,4.6858542191330343e-05,0.9999036192893982,2.0
5.7711469708010554e-05,4.552097379928455e-05,0.9998970031738281,2.0
4.7633471695007756e-05,0.9999303817749023,2.1922231098869815e-05,1.0
4.321507003623992e-05,0.9999327063560486,2.3823948140488937e-05,1.0
0.6735467314720154,0.32147693634033203,0.0049763876013457775,1.0
6.149878754513338e-05,0.9999199509620667,1.884117409645114e-05,1.0
3.695221312227659e-05,0.9998760223388672,8.730092667974532e-05,1.0
4.277625339454971e-05,0.9999331831932068,2.4162016416084953e-05,1.0
4.47019083367195e-05,0.999931812286377,2.3754277208354324e-05,1.0
4.184364661341533e-05,0.9999337792396545,2.4424018192803487e-05,1.0
0.6680502891540527,0.32714590430259705,0.004803802352398634,0.0
0.9999008178710938,5.0867816753452644e-05,4.8482434067409486e-05,0.0
3.1922558264341205e-05,0.9999308586120605,3.723134796018712e-05,1.0
5.669338861480355e-05,4.0426231862511486e-05,0.9999027252197266,2.0
4.657892350223847e-05,0.9999313354492188,2.1974266928737052e-05,1.0
5.0339098379481584e-05,0.9999290108680725,2.0937839508405887e-05,1.0
4.840717156184837e-05,0.9999327063560486,1.9124194295727648e-05,1.0
3.74323244614061e-05,0.999934732913971,2.7905660317628644e-05,1.0
0.9999022483825684,4.654699660022743e-05,5.1157425332348794e-05,0.0
4.9392103392165154e-05,0.9999303817749023,2.0380230125738308e-05,1.0
4.371484828880057e-05,7.081958028720692e-05,0.999885618686676,2.0
5.19214263476897e-05,0.9999294877052307,1.8784012354444712e-05,1.0
0.9998831748962402,6.502799078589305e-05,5.2014453103765845e-05,0.0
4.5467088057193905e-05,0.9999256134033203,2.8941074560862035e-05,1.0
4.768091457663104e-05,0.9999299645423889,2.230335485364776e-05,1.0
3.797671524807811e-05,0.9999370574951172,2.518211658752989e-05,1.0
3.572341665858403e-05,0.9999370574951172,2.7362522814655676e-05,1.0
0.9999027252197266,4.7859459300525486e-05,4.9574635340832174e-05,0.0
0.9996939301490784,0.0002229853707831353,8.318619074998423e-05,0.0
4.433504363987595e-05,0.9999327063560486,2.3090919057722203e-05,1.0
4.0792208892526105e-05,0.9999351501464844,2.398560354777146e-05,1.0
4.5467088057193905e-05,0.9999256134033203,2.8941074560862035e-05,1.0
0.999901294708252,4.820957838091999e-05,5.0404330977471545e-05,0.0
4.768091457663104e-05,0.9999299645423889,2.230335485364776e-05,1.0
0.9999046921730042,5.103146395413205e-05,4.4455286115407944e-05,0.0
0.9999017715454102,5.3223575378069654e-05,4.500716386246495e-05,0.0
3.2340059988200665e-05,0.9999308586120605,3.685620322357863e-05,1.0
4.742256714962423e-05,0.9999208450317383,3.1559258786728606e-05,1.0
0.9999004006385803,4.914256351185031e-05,5.075888111605309e-05,0.0
3.2438907510368153e-05,0.9999294877052307,3.803760773735121e-05,1.0
9.621656499803066e-05,0.999882698059082,2.1353653210098855e-05,1.0
4.985831037629396e-05,0.9999294877052307,2.1009487682022154e-05,1.0
3.912781903636642e-05,0.999934732913971,2.6098596208612435e-05,1.0
5.733006037189625e-05,0.9999256134033203,1.710197830107063e-05,1.0
4.236798486090265e-05,7.448034739354625e-05,0.9998831748962402,2.0
3.065269629587419e-05,0.9999222755432129,4.7281631850637496e-05,1.0
3.7407484342111275e-05,0.9999322891235352,3.028741048183292e-05,1.0
3.468116483418271e-05,0.9999151825904846,5.03780938743148e-05,1.0
3.876209302688949e-05,0.999934732913971,2.650757051014807e-05,1.0
5.014408452552743e-05,4.474344677873887e-05,0.9999051690101624,2.0
4.016277307528071e-05,0.999934732913971,2.5000854293466546e-05,1.0
3.125107105006464e-05,0.9999284148216248,4.013413126813248e-05,1.0
4.224327494739555e-05,0.9999361038208008,2.159532959922217e-05,1.0
0.9999022483825684,5.0460508646210656e-05,4.754800829687156e-05,0.0
5.055829024058767e-05,0.9999247193336487,2.490898987161927e-05,1.0
4.510710641625337e-05,0.9999294877052307,2.5791565349209122e-05,1.0
4.419624383444898e-05,0.9999313354492188,2.4582945115980692e-05,1.0
5.8353518397780135e-05,0.9999147057533264,2.692207635845989e-05,1.0
0.9999036192893982,5.8976140280719846e-05,3.7440608139149845e-05,0.0
3.1107720133149996e-05,0.999931812286377,3.691375604830682e-05,1.0
0.9998979568481445,6.829279300291091e-05,3.362551797181368e-05,0.0
0.9998999238014221,5.7059351092902943e-05,4.2982559534721076e-05,0.0
4.048232949571684e-05,0.9999351501464844,2.4283084712806158e-05,1.0
4.011091004940681e-05,0.999934732913971,2.5524801458232105e-05,1.0
3.178742917953059e-05,0.999934732913971,3.352820567670278e-05,1.0
4.530702062766068e-05,0.9999308586120605,2.3986174710444175e-05,1.0
6.015116014168598e-05,0.9999213218688965,1.8530165107222274e-05,1.0
0.999904215335846,5.4766896937508136e-05,4.1198691178578883e-05,0.0
5.459131716634147e-05,0.9999270439147949,1.8418764739180915e-05,1.0
4.3102671043016016e-05,0.9999331831932068,2.3789802071405575e-05,1.0
5.50620534340851e-05,0.9999265670776367,1.8469088900019415e-05,1.0
4.165690916124731e-05,0.9999327063560486,2.5490913685644045e-05,1.0
3.620606003096327e-05,0.9999342560768127,2.961603422590997e-05,1.0
5.6646578741492704e-05,4.754356268676929e-05,0.9998960494995117,2.0
4.087944398634136e-05,0.9999203681945801,3.864428072120063e-05,1.0
0.9999004006385803,4.772468309965916e-05,5.18312917847652e-05,0.0
3.411907164263539e-05,0.9999331831932068,3.260207085986622e-05,1.0
4.875911326962523e-05,0.9999131560325623,3.828862463706173e-05,1.0
0.2963924705982208,0.6884324550628662,0.015175034292042255,1.0
4.4181873818160966e-05,0.9999337792396545,2.2122148948255926e-05,1.0
4.431830529938452e-05,0.9999313354492188,2.4224242224590853e-05,1.0
6.435190880438313e-05,4.050766438012943e-05,0.9998951554298401,2.0
0.9999046921730042,5.1219769375165924e-05,4.421816629474051e-05,0.0
4.486274337978102e-05,0.9999303817749023,2.4639204639242962e-05,1.0
4.237222674419172e-05,7.448779797414318e-05,0.9998831748962402,2.0
4.718658237834461e-05,5.025007340009324e-05,0.9999027252197266,2.0
0.9998912811279297,7.516830373788252e-05,3.3706619433360174e-05,0.0
3.750557516468689e-05,0.9999327063560486,2.9939374144305475e-05,1.0
4.100157457287423e-05,0.9999294877052307,2.9474364055204205e-05,1.0
5.5852455261629075e-05,4.2516614485066384e-05,0.9999017715454102,2.0
3.9053218642948195e-05,0.9999247193336487,3.612548971432261e-05,1.0
5.0116210331907496e-05,0.9999313354492188,1.8751188690657727e-05,1.0
5.0262678996659815e-05,5.597542258328758e-05,0.9998936057090759,2.0
3.8254755054367706e-05,0.9999342560768127,2.7767455321736634e-05,1.0
5.022659752285108e-05,0.9999274611473083,2.242085975012742e-05,1.0
7.954914326546714e-05,0.9999017715454102,1.87331170309335e-05,1.0
0.9999027252197266,5.2866678743157536e-05,4.438399264472537e-05,0.0
0.6673064231872559,0.32799333333969116,0.004700175020843744,0.0
4.2549225327093154e-05,0.9999226927757263,3.4568365663290024e-05,1.0
5.680600952473469e-05,4.463328150450252e-05,0.999898374080658,2.0
3.46848028129898e-05,0.9999342560768127,3.113564889645204e-05,1.0
9.187276009470224e-05,0.9998922348022461,1.5997786249499768e-05,1.0
3.573912545107305e-05,0.9999356269836426,2.8558491976582445e-05,1.0
3.874147296301089e-05,0.9999374747276306,2.3602729925187305e-05,1.0
5.1959963457193226e-05,0.9999242424964905,2.390832014498301e-05,1.0
4.756886846735142e-05,0.9999308586120605,2.149481588276103e-05,1.0
4.505250763031654e-05,0.9999313354492188,2.3508673621108755e-05,1.0
6.193013541633263e-05,0.9999208450317383,1.7092095731641166e-05,1.0
3.905821358785033e-05,0.9999356269836426,2.5545987227815203e-05,1.0
5.010765744373202e-05,0.9999274611473083,2.2569143766304478e-05,1.0
0.9999022483825684,5.207262438489124e-05,4.560879824566655e-05,0.0
4.303001333028078e-05,0.9999308586120605,2.6338509997003712e-05,1.0
4.052590156788938e-05,0.9999351501464844,2.45845385506982e-05,1.0
6.102589759393595e-05,7.95760061009787e-05,0.9998592734336853,2.0
3.912666215910576e-05,0.999934732913971,2.609693183330819e-05,1.0
0.9999027252197266,5.033827619627118e-05,4.687513137469068e-05,0.0
5.054392750025727e-05,0.9999308586120605,1.8530519810155965e-05,1.0
4.0918723243521526e-05,0.999931812286377,2.7198153475183062e-05,1.0
0.9998988509178162,4.824039206141606e-05,5.267333108349703e-05,0.0
0.9998988509178162,4.805176649824716e-05,5.28645068698097e-05,0.0
3.9062237192410976e-05,0.999934732913971,2.6475307095097378e-05,1.0
6.256395136006176e-05,0.9999213218688965,1.6114063328132033e-05,1.0
4.735301263281144e-05,0.9999322891235352,2.067989953502547e-05,1.0
3.408466363907792e-05,0.9998956322669983,7.048826228128746e-05,1.0
4.1851784772006795e-05,0.9999342560768127,2.386310552537907e-05,1.0
3.888602077495307e-05,0.999934732913971,2.6505624191486277e-05,1.0
0.9999022483825684,5.491285992320627e-05,4.262505171936937e-05,0.0
4.9195885367225856e-05,0.9999236464500427,2.6975994842359796e-05,1.0
6.118919554864988e-05,0.9999222755432129,1.6799289369373582e-05,1.0
3.292891415185295e-05,0.9999337792396545,3.362433199072257e-05,1.0
0.9999022483825684,5.491285992320627e-05,4.262505171936937e-05,0.0
0.00016511740977875888,8.163628808688372e-05,0.999753475189209,2.0
0.9998979568481445,5.258052988210693e-05,4.956149496138096e-05,0.0
0.9999004006385803,6.0877388023072854e-05,3.889251092914492e-05,0.0
2.8223026674822904e-05,0.9999113082885742,6.033489262335934e-05,1.0
4.0622599044581875e-05,0.9999322891235352,2.7056872568209656e-05,1.0
4.8213390982709825e-05,0.9999284148216248,2.3282635083887726e-05,1.0
4.357939542387612e-05,0.9999331831932068,2.3286851501325145e-05,1.0
4.4307991629466414e-05,0.9999313354492188,2.4238386686192825e-05,1.0
3.845578612526879e-05,0.9999290108680725,3.260648372815922e-05,1.0
5.4398096835939214e-05,4.17672963521909e-05,0.9999036192893982,2.0
0.9998979568481445,4.508956044446677e-05,5.6982731621246785e-05,0.0
6.640370702371001e-05,0.9999160766601562,1.746021916915197e-05,1.0
4.418663229444064e-05,0.9999279379844666,2.761344876489602e-05,1.0
4.0573737351223826e-05,0.9999322891235352,2.7107002097181976e-05,1.0
0.999901294708252,4.774544504471123e-05,5.0751717935781926e-05,0.0
4.550721132545732e-05,0.9999313354492188,2.3135529772844166e-05,1.0
3.4758711990434676e-05,0.9999322891235352,3.313879278721288e-05,1.0
6.533096166094765e-05,0.999915599822998,1.8973430996993557e-05,1.0
3.0510782380588353e-05,0.9999265670776367,4.2756884795380756e-05,1.0
5.950250124442391e-05,4.636685844161548e-05,0.9998940825462341,2.0
4.229358455631882e-05,0.9999331831932068,2.4578725060564466e-05,1.0
2.8875734642497264e-05,0.9999217987060547,4.9643047532299533e-05,1.0
3.049763290619012e-05,0.9999313354492188,3.8221609429456294e-05,1.0
0.6131120920181274,0.017950063571333885,0.3689378798007965,0.0
3.921205279766582e-05,0.9999256134033203,3.50533846358303e-05,1.0
5.2362003771122545e-05,0.9999247193336487,2.287676943524275e-05,1.0
5.634352419292554e-05,5.606677950709127e-05,0.9998874664306641,2.0
3.89495980925858e-05,0.9999308586120605,3.042129537789151e-05,1.0
4.739878568216227e-05,0.9999279379844666,2.4676712200744078e-05,1.0
0.9998335838317871,0.00010160556121263653,6.505119381472468e-05,0.0
5.2922718168701977e-05,0.9999260902404785,2.0983536160201766e-05,1.0
3.0052284273551777e-05,0.9999256134033203,4.4361604523146525e-05,1.0
0.9999055862426758,4.8502875870326534e-05,4.605984213412739e-05,0.0
4.541365342447534e-05,0.9999303817749023,2.4049186322372407e-05,1.0
3.62111022695899e-05,0.9999284148216248,3.531558104441501e-05,1.0
4.9931826652027667e-05,0.9999213218688965,2.8950127671123482e-05,1.0
5.302588397171348e-05,0.9999294877052307,1.7547690731589682e-05,1.0
4.249172343406826e-05,0.9999313354492188,2.6443587557878345e-05,1.0
4.296690531191416e-05,0.9999337792396545,2.36444338952424e-05,1.0
0.00010070569987874478,3.230337824788876e-05,0.9998669624328613,2.0
0.9998960494995117,5.754752783104777e-05,4.651943891076371e-05,0.0
0.9999008178710938,4.71112180093769e-05,5.211247116676532e-05,0.0
0.9999004006385803,5.661336763296276e-05,4.3175237806281075e-05,0.0
3.659154026536271e-05,0.9999213218688965,4.234403240843676e-05,1.0
4.196757436147891e-05,0.999934732913971,2.363523526582867e-05,1.0
4.992206231690943e-05,0.9999213218688965,2.8954767913091928e-05,1.0
0.9998946785926819,4.2953590309480205e-05,6.2586746935267e-05,0.0
5.067128950031474e-05,0.9999236464500427,2.5482504497631453e-05,1.0
5.628213330055587e-05,0.9999242424964905,1.982791582122445e-05,1.0
4.657368117477745e-05,0.9999313354492188,2.1970139641780406e-05,1.0
0.9999027252197266,5.130752469995059e-05,4.6137924073264e-05,0.0
4.078299389220774e-05,0.9999322891235352,2.6859221179620363e-05,1.0
6.194277375470847e-05,0.9999213218688965,1.6771578884799965e-05,1.0
3.5991000913782045e-05,0.9999327063560486,3.1297957320930436e-05,1.0
0.9998683929443359,5.249239984550513e-05,7.938302587717772e-05,0.0
5.719844193663448e-05,0.9999251365661621,1.7558957551955245e-05,1.0
0.00010675309749785811,0.9998545050621033,3.8915219192858785e-05,1.0
4.0821669244905934e-05,0.9999342560768127,2.4895049136830494e-05,1.0
3.353351348778233e-05,0.9999308586120605,3.5654833482112736e-05,1.0
3.417026164242998e-05,0.9999308586120605,3.52165661752224e-05,1.0
0.6668761968612671,0.3295070230960846,0.0036168082151561975,0.0
5.267764936434105e-05,0.9999294877052307,1.7947280866792426e-05,1.0
5.18217493663542e-05,0.9999284148216248,1.9927536413888447e-05,1.0
3.831766662187874e-05,0.9999351501464844,2.6787951355800033e-05,1.0
5.365216202335432e-05,0.9999247193336487,2.1713269234169275e-05,1.0
4.376727883936837e-05,0.9999331831932068,2.311808566446416e-05,1.0
3.9312704757321626e-05,0.9999337792396545,2.692302587092854e-05,1.0
4.6888988435966894e-05,0.9999303817749023,2.302861503267195e-05,1.0
3.5467597626848146e-05,0.9999274611473083,3.681348971440457e-05,1.0
0.9999022483825684,5.310103369993158e-05,4.457989052752964e-05,0.0
3.750557516468689e-05,0.9999327063560486,2.9939374144305475e-05,1.0
6.225796096259728e-05,4.826730946660973e-05,0.9998894333839417,2.0
5.4892600019229576e-05,0.9999279379844666,1.7128990293713287e-05,1.0
3.092710176133551e-05,0.9999290108680725,4.0124679799191654e-05,1.0
4.4495540350908414e-05,7.067795377224684e-05,0.9998851418495178,2.0
3.755074067157693e-05,0.9999351501464844,2.748843326116912e-05,1.0
4.25823891418986e-05,0.9999342560768127,2.30952773563331e-05,1.0
5.236050492385402e-05,0.9999247193336487,2.2874413843965158e-05,1.0
4.359585727797821e-05,0.9999299645423889,2.643433617777191e-05,1.0
0.9998965263366699,4.583029294735752e-05,5.7836106861941516e-05,0.0
0.9998974800109863,4.683633960667066e-05,5.571376459556632e-05,0.0
8.301667548948899e-05,0.9980487823486328,0.0018680543871596456,1.0
6.14783784840256e-05,0.9999222755432129,1.649437217565719e-05,1.0
3.909525912604295e-05,0.9999351501464844,2.5835161068243906e-05,1.0
6.053978722775355e-05,0.9999184012413025,2.103222141158767e-05,1.0
5.490825424203649e-05,0.9999279379844666,1.7126818420365453e-05,1.0
5.668824815074913e-05,0.9999131560325623,3.0149627491482534e-05,1.0
7.142138929339126e-05,0.999910831451416,1.800422978703864e-05,1.0
0.9999008178710938,5.863248588866554e-05,4.03754529543221e-05,0.0
3.1258641683962196e-05,0.9999284148216248,4.0127855754690245e-05,1.0
4.568523581838235e-05,0.9999331831932068,2.1173702407395467e-05,1.0
4.81181668874342e-05,0.9999279379844666,2.3839540517656133e-05,1.0
3.696035491884686e-05,0.9999290108680725,3.4370670618955046e-05,1.0
4.00841781811323e-05,0.9999331831932068,2.691096051421482e-05,1.0
7.557125354651362e-05,0.9999065399169922,1.8109514712705277e-05,1.0
0.9998740553855896,6.763208511983976e-05,5.836274795001373e-05,0.0
0.999901294708252,5.1056638767477125e-05,4.768237340613268e-05,0.0
4.708382039098069e-05,0.9999303817749023,2.276979103044141e-05,1.0
4.134909249842167e-05,0.999934732913971,2.3928598238853738e-05,1.0
0.9998994469642639,4.828015516977757e-05,5.2329556638142094e-05,0.0
3.935828135581687e-05,0.9999294877052307,3.1142270017880946e-05,1.0
3.412323712836951e-05,0.9999342560768127,3.171007119817659e-05,1.0
0.9998956322669983,6.178254261612892e-05,4.2968789784936234e-05,0.0
3.827548061963171e-05,0.9999299645423889,3.200095670763403e-05,1.0
6.346729787765071e-05,0.9999142289161682,2.2261363483266905e-05,1.0
4.357889702077955e-05,0.9999356269836426,2.0690156816272065e-05,1.0
0.9999008178710938,5.496457379194908e-05,4.4267660996410996e-05,0.0
4.378064113552682e-05,0.9999331831932068,2.311297066626139e-05,1.0
0.9998974800109863,4.444846126716584e-05,5.814652831759304e-05,0.0
3.984748764196411e-05,0.9999337792396545,2.660535574250389e-05,1.0
0.9999022483825684,5.046281876275316e-05,4.7544333938276395e-05,0.0
6.066769492463209e-05,0.9999217987060547,1.7567985196365044e-05,1.0
3.847636980935931e-05,0.9999342560768127,2.7416539523983374e-05,1.0
2.8719878173433244e-05,0.999844491481781,0.0001265985774807632,1.0
4.365835047792643e-05,0.999934732913971,2.1846575691597536e-05,1.0
0.9999004006385803,4.77245484944433e-05,5.1834060286637396e-05,0.0
6.22750012553297e-05,0.9999222755432129,1.5633993825758807e-05,1.0
5.732994759455323e-05,0.9999231696128845,1.9621526007540524e-05,1.0
4.42991622549016e-05,0.9999308586120605,2.5034209102159366e-05,1.0
6.75449991831556e-05,0.9999151825904846,1.7228812794201076e-05,1.0
6.263965769903734e-05,3.7216970667941496e-05,0.9999004006385803,2.0
3.57712124241516e-05,0.999931812286377,3.235934491385706e-05,1.0
5.521312414202839e-05,0.9999270439147949,1.7769951227819547e-05,1.0
4.269767669029534e-05,0.9999308586120605,2.6381017960375175e-05,1.0
0.999904215335846,5.4955660743871704e-05,4.089558933628723e-05,0.0
0.6823737025260925,0.31274110078811646,0.004885187838226557,0.0
2.8980348361073993e-05,0.9999274611473083,4.340817395132035e-05,1.0
4.435424125404097e-05,0.9999308586120605,2.506875534891151e-05,1.0
5.8186909882351756e-05,0.9999208450317383,2.1093144823680632e-05,1.0
3.751473195734434e-05,0.9999299645423889,3.252905298722908e-05,1.0
6.717761425534263e-05,0.9999151825904846,1.7599812053958885e-05,1.0
4.158201045356691e-05,0.9999279379844666,3.0577575671486557e-05,1.0
0.00010812132677529007,3.3349435398122296e-05,0.9998583793640137,2.0
6.614060112042353e-05,3.804606240009889e-05,0.9998960494995117,2.0
4.101197555428371e-05,0.9999203681945801,3.884698890033178e-05,1.0
0.9998979568481445,5.4124862799653783e-05,4.776001878781244e-05,0.0
5.348419290385209e-05,0.9999279379844666,1.868287472461816e-05,1.0
8.723234350327402e-05,0.9998922348022461,2.0587609469657764e-05,1.0
5.013399641029537e-05,5.2345127187436447e-05,0.9998974800109863,2.0
4.25134930992499e-05,0.9999308586120605,2.644550295372028e-05,1.0
4.6489898522850126e-05,0.9999299645423889,2.3842290829634294e-05,1.0
4.413197166286409e-05,0.999931812286377,2.3908891307655722e-05,1.0
4.0365750464843586e-05,0.9999342560768127,2.5622479370213114e-05,1.0
5.127616532263346e-05,0.9999274611473083,2.118388147209771e-05,1.0
5.438626612885855e-05,4.176681613898836e-05,0.9999036192893982,2.0
4.3009582441300154e-05,0.9999327063560486,2.4454688173136674e-05,1.0
4.7457946493523195e-05,0.9999279379844666,2.481093179085292e-05,1.0
0.6771359443664551,0.3173133134841919,0.005550714675337076,1.0
4.4497788621811196e-05,7.065645331749693e-05,0.9998851418495178,2.0
0.9998840689659119,4.127104693907313e-05,7.476885366486385e-05,0.0
0.999898374080658,4.540663940133527e-05,5.638824586640112e-05,0.0
3.631221625255421e-05,0.9999331831932068,3.022035707545001e-05,1.0
9.340795804746449e-05,0.9998803734779358,2.6285990315955132e-05,1.0
4.5004540879745036e-05,0.9999294877052307,2.5688343157526106e-05,1.0
0.9999036192893982,5.428195800050162e-05,4.221403651172295e-05,0.0
3.1021743780002e-05,0.9998154044151306,0.00015377254749182612,1.0
4.1032242734218016e-05,0.9999327063560486,2.6519581297179684e-05,1.0
5.2922718168701977e-05,0.9999260902404785,2.0983536160201766e-05,1.0
0.00024224648950621486,4.0398561395704746e-05,0.9997172951698303,2.0
0.9999004006385803,4.8688994866097346e-05,5.0939517677761614e-05,0.0
3.3606669603614137e-05,0.9999313354492188,3.5292447137180716e-05,1.0
0.999733030796051,8.727328531676903e-05,0.00017999052943196148,0.0
4.0178518247557804e-05,0.9999331831932068,2.6585366867948323e-05,1.0
7.171439938247204e-05,6.446941551985219e-05,0.9998636245727539,2.0
3.69436529581435e-05,0.9999356269836426,2.7368108931113966e-05,1.0
4.389816240291111e-05,4.8357938794652e-05,0.999907910823822,2.0
4.609113238984719e-05,0.9999308586120605,2.2982236259849742e-05,1.0
4.1097253415500745e-05,0.9999313354492188,2.73600726359291e-05,1.0
6.194277375470847e-05,0.9999213218688965,1.6771578884799965e-05,1.0
2.9025517505942844e-05,0.9999099373817444,6.116644362919033e-05,1.0
2.9341539629967883e-05,0.9999231696128845,4.735445691039786e-05,1.0
4.0509519749321043e-05,0.9999313354492188,2.821775160555262e-05,1.0
5.613301254925318e-05,0.9999247193336487,1.9455557776382193e-05,1.0
4.357939542387612e-05,0.9999331831932068,2.3286851501325145e-05,1.0
0.9998798966407776,9.178649634122849e-05,2.8315120289335027e-05,0.0
5.328853148967028e-05,0.9999251365661621,2.139699245162774e-05,1.0
0.9998960494995117,5.185433110455051e-05,5.226985376793891e-05,0.0
5.998474080115557e-05,0.9999222755432129,1.7720840332913212e-05,1.0
0.99990314245224,5.2855084504699335e-05,4.3924716010224074e-05,0.0
0.999901294708252,6.389253394445404e-05,3.4983488149009645e-05,0.0
6.166792445583269e-05,0.9999203681945801,1.8193228243035264e-05,1.0
3.627293699537404e-05,0.9999370574951172,2.693943679332733e-05,1.0
4.666526729124598e-05,4.541703310678713e-05,0.999907910823822,2.0
7.557125354651362e-05,0.9999065399169922,1.8109514712705277e-05,1.0
3.69436529581435e-05,0.9999356269836426,2.7368108931113966e-05,1.0
4.2858860979322344e-05,0.9999337792396545,2.3223377866088413e-05,1.0
9.77308300207369e-05,5.967475226498209e-05,0.999842643737793,2.0
4.1115166823146865e-05,0.9999351501464844,2.3700285964878276e-05,1.0
0.9999046921730042,5.121913272887468e-05,4.426369196153246e-05,0.0
4.3014420953113586e-05,0.9999327063560486,2.4454595404677093e-05,1.0
0.999901294708252,5.231308750808239e-05,4.6638044295832515e-05,0.0
4.3569132685661316e-05,0.9999356269836426,2.0688914446509443e-05,1.0
5.731792043661699e-05,0.9999260902404785,1.6771931768744253e-05,1.0
0.99990314245224,5.197166319703683e-05,4.501192597672343e-05,0.0
0.9994736909866333,6.133641727501526e-05,0.00046517554437741637,0.0
4.759164949064143e-05,0.9999322891235352,2.037022204604e-05,1.0
3.4758711990434676e-05,0.9999322891235352,3.313879278721288e-05,1.0
0.9998970031738281,4.768692087964155e-05,5.547004911932163e-05,0.0
3.0104260076768696e-05,0.9999308586120605,3.890386506100185e-05,1.0
3.181157080689445e-05,0.9999308586120605,3.731299511855468e-05,1.0
4.004440415883437e-05,0.9999351501464844,2.5073944925679825e-05,1.0
0.00018109832308255136,0.99969482421875,0.00012411491479724646,1.0
5.346950638340786e-05,0.9999213218688965,2.51614474109374e-05,1.0
5.0262678996659815e-05,5.597542258328758e-05,0.9998936057090759,2.0
6.67767963022925e-05,0.9999103546142578,2.2866866856929846e-05,1.0
0.999850332736969,5.5623138905502856e-05,9.386588499182835e-05,0.0
0.9998746514320374,5.003426122129895e-05,7.552801980637014e-05,0.0
4.6992397983558476e-05,5.7874010963132605e-05,0.9998951554298401,2.0
3.649336940725334e-05,0.999934732913971,2.8919996111653745e-05,1.0
4.196261215838604e-05,0.9999226927757263,3.5187124012736604e-05,1.0
0.9998922348022461,5.991464786347933e-05,4.7807774535613135e-05,0.0
4.3710009776987135e-05,0.9999342560768127,2.2024640202289447e-05,1.0
4.248260665917769e-05,4.95247877552174e-05,0.999907910823822,2.0
3.0124163458822295e-05,0.9999270439147949,4.2827075958484784e-05,1.0
0.9999022483825684,5.0867529353126884e-05,4.710708526545204e-05,0.0
5.2369046898093075e-05,0.9999247193336487,2.2866257495479658e-05,1.0
0.999901294708252,5.297645111568272e-05,4.581826942740008e-05,0.0
5.2369046898093075e-05,0.9999247193336487,2.2866257495479658e-05,1.0
4.4181873818160966e-05,0.9999337792396545,2.2122148948255926e-05,1.0
4.8250331019517034e-05,5.874699854757637e-05,0.9998931288719177,2.0
4.2776537156896666e-05,0.9999331831932068,2.4153721824404784e-05,1.0
5.745846647187136e-05,0.9999217987060547,2.0759334802278318e-05,1.0
0.9999022483825684,5.530872294912115e-05,4.22679768234957e-05,0.0
4.0802402509143576e-05,0.9999351501464844,2.3979177058208734e-05,1.0
0.9999008178710938,4.710645953309722e-05,5.2098952437518165e-05,0.0
0.9999022483825684,4.655445445678197e-05,5.116279498906806e-05,0.0
6.561788177350536e-05,0.9999184012413025,1.614750908629503e-05,1.0
0.9999036192893982,5.054836219642311e-05,4.6030207158764824e-05,0.0
4.4850294216303155e-05,0.9999303817749023,2.464498538756743e-05,1.0
4.765723497257568e-05,5.8484212786424905e-05,0.9998940825462341,2.0
0.9998999238014221,5.7059351092902943e-05,4.2982559534721076e-05,0.0
4.0359784179599956e-05,0.9999231696128845,3.6608747905120254e-05,1.0
0.9998540282249451,6.134262366686016e-05,8.444293780485168e-05,0.0
4.418730895849876e-05,0.9999337792396545,2.211786704719998e-05,1.0
0.6803688406944275,0.31342339515686035,0.006207719910889864,0.0
0.999901294708252,4.887741306447424e-05,5.0009886763291433e-05,0.0
0.9998840689659119,8.824596443446353e-05,2.7751069865189493e-05,0.0
4.8118949052877724e-05,0.9999279379844666,2.384365325269755e-05,1.0
0.9999036192893982,4.834475112147629e-05,4.784234624821693e-05,0.0
4.569931115838699e-05,0.9999279379844666,2.6455596525920555e-05,1.0
0.999882698059082,4.079757854924537e-05,7.667337922612205e-05,0.0
3.7362988223321736e-05,0.9999361038208008,2.6783891371451318e-05,1.0
0.9999022483825684,5.4914118663873523e-05,4.263310256646946e-05,0.0
5.297422831063159e-05,0.9999242424964905,2.306824899278581e-05,1.0
4.0175800677388906e-05,0.9999331831932068,2.6594596420181915e-05,1.0
5.6937373301479965e-05,0.9999208450317383,2.24616323976079e-05,1.0
3.931075116270222e-05,0.9999337792396545,2.6927007638732903e-05,1.0
4.3199204810662195e-05,0.9999247193336487,3.226498665753752e-05,1.0
3.2263567845802754e-05,0.9999331831932068,3.437647319515236e-05,1.0
3.13890959660057e-05,0.9999226927757263,4.616802834789269e-05,1.0
0.9999027252197266,4.876334423897788e-05,4.847790114581585e-05,0.0
7.807549991412088e-05,4.098351200809702e-05,0.999880850315094,2.0
5.19214263476897e-05,0.9999294877052307,1.8784012354444712e-05,1.0
0.9998999238014221,5.4812044254504144e-05,4.5585398765979335e-05,0.0
4.088447167305276e-05,0.9999203681945801,3.8645976019324735e-05,1.0
0.9999017715454102,5.6542252423241735e-05,4.189827086520381e-05,0.0
4.0519487811252475e-05,0.9999337792396545,2.572742414486129e-05,1.0
3.4415541449561715e-05,0.9999251365661621,4.066085602971725e-05,1.0
4.804769196198322e-05,0.9999322891235352,1.959741894097533e-05,1.0
4.8236521251965314e-05,0.9999294877052307,2.214498999819625e-05,1.0
0.6767445206642151,0.31838130950927734,0.004874196369200945,1.0
0.6767445206642151,0.31838130950927734,0.004874196369200945,0.0
5.2577921451302245e-05,0.9999270439147949,2.0593090084730648e-05,1.0
0.9998951554298401,5.9696834796341136e-05,4.521939263213426e-05,0.0
0.9998822212219238,4.2480623960727826e-05,7.554198964498937e-05,0.0
0.999901294708252,5.114459781907499e-05,4.757372516905889e-05,0.0
3.903646575054154e-05,0.9999313354492188,2.9917540814494714e-05,1.0
0.9998965263366699,6.157977622933686e-05,4.1987270378740504e-05,0.0
7.659941911697388e-05,5.4547290346818045e-05,0.9998688101768494,2.0
4.296690531191416e-05,0.9999337792396545,2.36444338952424e-05,1.0
4.375275966594927e-05,0.999931812286377,2.4455925085931085e-05,1.0
5.8087778597837314e-05,0.9999099373817444,3.1960698834154755e-05,1.0
4.8235608119284734e-05,0.9999294877052307,2.2147438357933424e-05,1.0
3.74323244614061e-05,0.999934732913971,2.7905660317628644e-05,1.0
6.194277375470847e-05,0.9999213218688965,1.6771578884799965e-05,1.0
0.9998817443847656,8.344577508978546e-05,3.486977220745757e-05,0.0
0.9999022483825684,5.491285992320627e-05,4.262505171936937e-05,0.0
0.9999046921730042,5.101657734485343e-05,4.445846570888534e-05,0.0
5.6927656260086223e-05,4.122545578866266e-05,0.9999017715454102,2.0
3.583055149647407e-05,0.9999327063560486,3.131554331048392e-05,1.0
4.283405723981559e-05,0.9999342560768127,2.2930436898604967e-05,1.0
0.9999017715454102,4.939695281791501e-05,4.899296254734509e-05,0.0
0.9999046921730042,5.6290507927769795e-05,3.935329004889354e-05,0.0
3.801823913818225e-05,0.999934732913971,2.7329066142556258e-05,1.0
4.405783329275437e-05,5.116406100569293e-05,0.9999046921730042,2.0
0.9998999238014221,4.608871677191928e-05,5.38231288373936e-05,0.0
4.945384353050031e-05,0.9999294877052307,2.119089367624838e-05,1.0
0.9999027252197266,5.0387170631438494e-05,4.685349631472491e-05,0.0
4.279180211597122e-05,8.047203300520778e-05,0.9998769760131836,2.0
0.9998612403869629,5.5823060392867774e-05,8.312441786983982e-05,0.0
3.1922558264341205e-05,0.9999308586120605,3.723134796018712e-05,1.0
3.9090708014555275e-05,0.999931812286377,2.9280827220645733e-05,1.0
0.9998979568481445,4.860682747676037e-05,5.359682836569846e-05,0.0
0.9999022483825684,5.530619091587141e-05,4.226374585414305e-05,0.0
0.9998726844787598,5.114830855745822e-05,7.646279118489474e-05,0.0
4.249508856446482e-05,4.9518457672093064e-05,0.999907910823822,2.0
4.3586256651906297e-05,0.9999299645423889,2.643365405674558e-05,1.0
3.399623165023513e-05,0.9999294877052307,3.679958899738267e-05,1.0
5.634352419292554e-05,5.606677950709127e-05,0.9998874664306641,2.0
4.9072834372054785e-05,0.9999290108680725,2.2057685782783665e-05,1.0
0.9998960494995117,5.185433110455051e-05,5.226985376793891e-05,0.0
3.967442535213195e-05,0.9999299645423889,3.042979551537428e-05,1.0
9.338969539385289e-05,0.9998931288719177,1.3492546713678166e-05,1.0
4.760867523145862e-05,0.9999290108680725,2.3400545615004376e-05,1.0
4.9946400395128876e-05,5.705336661776528e-05,0.9998931288719177,2.0
3.595189264160581e-05,0.9999299645423889,3.4151464205933735e-05,1.0
4.184364661341533e-05,0.9999337792396545,2.4424018192803487e-05,1.0
3.78633412765339e-05,0.9999327063560486,2.9618689950439148e-05,1.0
4.162728146184236e-05,0.9999270439147949,3.1500530894845724e-05,1.0
7.913004083093256e-05,0.999906063079834,1.4997673133620992e-05,1.0
0.9998798966407776,8.613782119937241e-05,3.418779670028016e-05,0.0
3.71506939700339e-05,0.9999327063560486,2.9994243959663436e-05,1.0
0.9999008178710938,5.924175638938323e-05,3.9977971027838066e-05,0.0
6.561123882420361e-05,0.9999184012413025,1.614781649550423e-05,1.0
0.6695834994316101,0.32627803087234497,0.004138475749641657,1.0
3.850830762530677e-05,0.9999327063560486,2.8773751182598062e-05,1.0
4.589108357322402e-05,0.9999290108680725,2.535460953367874e-05,1.0
5.936080196988769e-05,6.661568477284163e-05,0.9998740553855896,2.0
0.999901294708252,6.389503687387332e-05,3.498625665088184e-05,0.0
0.675216794013977,0.3209792673587799,0.0038039640057832003,0.0
3.641094372142106e-05,0.9999342560768127,2.9712617106270045e-05,1.0
0.9998617172241211,0.00010769179061753675,3.0491932193399407e-05,0.0
3.864420432364568e-05,0.9999356269836426,2.5683222702355124e-05,1.0
3.35298063873779e-05,0.9999342560768127,3.254186958656646e-05,1.0
0.9999022483825684,5.491285992320627e-05,4.262505171936937e-05,0.0
3.797084718826227e-05,0.999907910823822,5.4025851568439975e-05,1.0
4.9946400395128876e-05,5.705336661776528e-05,0.9998931288719177,2.0
4.26999140472617e-05,0.9999308586120605,2.6382280339021236e-05,1.0
3.571990964701399e-05,0.9999370574951172,2.73541736532934e-05,1.0
6.75449991831556e-05,0.9999151825904846,1.7228812794201076e-05,1.0
3.573094727471471e-05,0.9999313354492188,3.310587635496631e-05,1.0
0.9998178482055664,4.968534631188959e-05,0.00013248501636553556,0.0
0.999882698059082,5.044477802584879e-05,6.706898420816287e-05,0.0
4.37025519204326e-05,0.9999342560768127,2.202930409112014e-05,1.0
4.545572664937936e-05,0.9999256134033203,2.8937294700881466e-05,1.0
0.620445191860199,0.01754000410437584,0.36201488971710205,0.0
4.62963325844612e-05,0.9999322891235352,2.1415366063592955e-05,1.0
0.9998974800109863,4.3946292862528935e-05,5.8403842558618635e-05,0.0
3.845578612526879e-05,0.9999290108680725,3.260648372815922e-05,1.0
5.619621151708998e-05,0.9999242424964905,1.9738827177206986e-05,1.0
5.767741095041856e-05,0.9999208450317383,2.1305626432877034e-05,1.0
4.013130092062056e-05,0.9999322891235352,2.748929910012521e-05,1.0
5.9667752793757245e-05,6.800332630518824e-05,0.9998722076416016,2.0
5.981970753055066e-05,0.9999231696128845,1.695310311333742e-05,1.0
4.977602657163516e-05,0.9999217987060547,2.853072146535851e-05,1.0
3.281270983279683e-05,0.9999342560768127,3.319803727208637e-05,1.0
5.413141843746416e-05,4.205315053695813e-05,0.9999036192893982,2.0
4.8213390982709825e-05,0.9999284148216248,2.3282635083887726e-05,1.0
4.838248423766345e-05,5.3139276133151725e-05,0.999898374080658,2.0
5.7490808103466406e-05,0.9999260902404785,1.65990277309902e-05,1.0
4.926038673147559e-05,0.9999294877052307,2.1499879949260503e-05,1.0
4.5465876610251144e-05,0.9999308586120605,2.3887809220468625e-05,1.0
2.6999339752364904e-05,0.999910831451416,6.206168472999707e-05,1.0
3.996340819867328e-05,0.9999342560768127,2.5936426027328707e-05,1.0
0.005070759914815426,0.9095303416252136,0.08539888262748718,1.0
4.557501233648509e-05,0.9999294877052307,2.5061201085918583e-05,1.0
3.0512790544889867e-05,0.9999265670776367,4.2766347178258e-05,1.0
3.73692273569759e-05,0.9999361038208008,2.678812961676158e-05,1.0
4.004451693617739e-05,0.9999351501464844,2.507164936105255e-05,1.0
0.5675105452537537,0.007825239561498165,0.42466428875923157,0.0
5.294024231261574e-05,0.9999260902404785,2.0974553990527056e-05,1.0
4.6722936531296e-05,0.9999256134033203,2.7610105462372303e-05,1.0
3.198938793502748e-05,0.9999327063560486,3.5338016459718347e-05,1.0
4.735035327030346e-05,0.999931812286377,2.0686251446022652e-05,1.0
