"V1","V2","V3"
0.0486057020922041,0.94921876440584,0.00217553350195558
0.987766937723033,0.0105341482348632,0.00169891404210366
0.349375538616714,0.647415848553253,0.00320861283003306
9.5439877713451e-07,0.999998838771706,2.06829517217709e-07
4.11384233628133e-08,5.94910211553528e-06,0.999994009759461
4.49172985268905e-06,0.999994680066854,8.28203292845464e-07
0.0560689449088311,0.93884679500775,0.00508426008341918
0.0361077456096726,0.961209668125319,0.00268258626500808
0.000613404256035563,0.999353581539941,3.30142040229668e-05
0.00819382862493931,0.946236565918335,0.0455696054567256
0.00742102340670272,0.00210569928054034,0.990473277312757
0.161919818710032,0.832752895275347,0.00532728601462107
0.999977103816599,1.9361808324969e-05,3.53437507653603e-06
0.99995352356831,4.55849462201629e-05,8.91485469318899e-07
6.77183320486052e-07,0.999999063181216,2.59635463523288e-07
5.59720483880292e-06,0.999992858221845,1.54457331621808e-06
0.00262086434017576,0.975880461620866,0.0214986740389584
0.999990572826718,8.28435682657591e-06,1.14281645523447e-06
0.999975512627577,2.38617565684976e-05,6.25615854756411e-07
5.20359469828027e-06,0.999994230137931,5.66267370464461e-07
0.0569798793021162,0.940446153854072,0.00257396684381161
0.999905472102591,9.38031994648352e-05,7.24697944213938e-07
0.0407169574647506,0.95576189480536,0.00352114772988935
4.39318233501821e-06,0.999995154422067,4.52395597694502e-07
0.985005513498232,0.0130012710177124,0.00199321548405573
6.38520191433674e-05,0.999931290434296,4.85754656021534e-06
4.9271547377315e-06,0.999993812633798,1.26021146380942e-06
1.8009375083554e-06,0.999997954673127,2.44389364868669e-07
0.0834676842655446,0.912185147763865,0.00434716797059055
0.307328883415492,0.68385746460292,0.00881365198158801
6.98146039707514e-06,0.999992564124163,4.54415439727798e-07
0.747564248911408,0.241666417936072,0.0107693331525201
0.0731252840280599,0.921860585914587,0.00501413005735301
0.622326431588783,0.376736302346212,0.000937266065004827
0.999988147909823,6.6275759633418e-06,5.22451421398183e-06
2.65914618912209e-06,0.999996771116864,5.69736947336831e-07
4.72425867599497e-07,0.99999942220405,1.05370082576715e-07
1.45720770904781e-05,0.999983964028759,1.4638941505485e-06
0.0449432332051215,0.951705875521538,0.00335089127334094
0.0228653689226853,0.962232436797859,0.0149021942794558
0.219316503906311,0.772001922851575,0.00868157324211408
0.924144878568947,0.0118532964065938,0.0640018250244592
0.82775814181505,0.17064722351372,0.00159463467122988
5.19238001372269e-06,0.999994024014258,7.83605728726005e-07
2.06109335444057e-06,0.999997717231185,2.2167546070532e-07
0.0302583665011804,0.962914689788332,0.00682694371048796
0.0147298177080491,0.981109743780895,0.00416043851105579
0.99432028240332,0.00259155268071127,0.00308816491596869
0.730019691901807,0.266497802836017,0.00348250526217628
0.999887684017944,0.000111355754914569,9.60227141462697e-07
0.97659254386781,0.022466802924502,0.000940653207688039
0.000290931048219622,0.222566891267332,0.777142177684448
0.00247868137045179,0.987505153560698,0.0100161650688497
0.910255842339929,0.0892984424469195,0.000445715213151162
0.999763917776939,0.000232548351817303,3.5338712434198e-06
0.000196875071906332,0.999755723877154,4.74010509395283e-05
1.54071783509153e-06,0.999998147520795,3.11761369993946e-07
0.0016526175366986,0.998172930054194,0.000174452409107334
4.49794436980954e-08,4.83385297220298e-06,0.999995121167584
0.0152890483679182,0.98312634063989,0.00158461099219156
0.822873158969203,0.000475311722571054,0.176651529308226
0.061650600896556,0.873802440209622,0.0645469588938216
0.967799494151447,0.0303703779038729,0.00183012794468067
0.0181106014083151,0.937513271029994,0.0443761275616909
7.57287301322136e-06,0.99999191655127,5.10575716562396e-07
0.999814199585362,0.000184745257192832,1.05515744489303e-06
0.634079783927354,0.364118219253547,0.00180199681909901
1.50069000781719e-05,0.999983157490483,1.83560943891626e-06
0.0995746039339667,0.898573234756902,0.00185216130913127
0.999945315359188,5.28690569069525e-05,1.81558390490147e-06
0.0569486655154748,0.862359789829273,0.0806915446552521
0.998568981674938,0.00141844287459555,1.25754504664977e-05
0.014626968315367,0.98436162685159,0.00101140483304335
1.69439408627597e-06,0.999997910527262,3.95078651940399e-07
0.0533964070887087,0.887477545645146,0.0591260472661454
0.426297209242576,0.57100612584543,0.00269666491199376
0.00918791878026991,0.989449447562696,0.00136263365703451
0.999984990446687,1.24083773000958e-05,2.60117601257136e-06
0.71500435342212,0.284145039028681,0.000850607549198967
0.999989642892995,9.21559103551963e-06,1.14151596975269e-06
0.87564583499989,0.122915915057413,0.00143824994269712
0.00131714236264687,0.983970010176947,0.0147128474604057
0.000840258501673319,0.813810602408949,0.185349139089378
5.67426116124572e-07,0.999999251128577,1.81445306781758e-07
0.00296757308941925,0.996623269067831,0.000409157842750105
0.000168599496594802,0.179137843715441,0.820693556787964
0.148493578083924,0.846692715449238,0.0048137064668378
0.00366375127530435,0.994502440483288,0.00183380824140759
0.510034685863722,0.389989527851652,0.0999757862846252
0.744246116718759,0.24207459062157,0.0136792926596718
2.4671130646142e-05,0.99997106365091,4.26521844349654e-06
7.99446502192189e-05,0.00354029108980094,0.99637976425998
6.65740496899393e-07,0.999999222123629,1.12135873856985e-07
1.07734091679424e-07,1.90611250620732e-05,0.999980831140846
0.0316755532371179,0.966967088260369,0.00135735850251313
3.02906722595945e-06,0.999996710961519,2.59971255467571e-07
1.8771442131623e-06,0.999997783088813,3.39766973303586e-07
0.958171895324296,0.0404211212854778,0.00140698339022668
0.995471884062746,0.00442595111433648,0.000102164822917546
0.008342174890893,0.962761053603689,0.028896771505418
0.999925443321967,7.38478888675822e-05,7.08789165638756e-07
0.999949195327463,4.91265038778557e-05,1.67816865927009e-06
0.00439507598031368,0.993541176755162,0.00206374726452441
0.0182221790613434,0.515680328683817,0.466097492254839
0.938958975864681,0.0595691824085801,0.00147184172673882
0.999206012938066,0.000785621525674078,8.36553626001955e-06
0.902176564860476,2.29786198713021e-08,0.0978234121609042
0.0086999852121778,0.987995324394984,0.00330469039283859
0.0594219607270969,0.936248803516885,0.00432923575601814
4.70473387962663e-05,0.00769458371078799,0.992258368950416
5.2807119629265e-06,0.999994019022765,7.00265272273471e-07
4.78359963224154e-06,0.000488819081112893,0.999506397319255
0.00478378652646404,0.951029636456144,0.0441865770173923
1.51076154116587e-05,0.999983486646946,1.40573764260877e-06
1.07139252586565e-06,0.999998596064281,3.3254319355096e-07
0.0113793871014036,0.979119240719607,0.00950137217898953
0.988805679286039,9.18338156527242e-08,0.0111942288801452
0.999896731978212,9.45726012864202e-05,8.69542050141573e-06
0.142802266972046,0.856398372355278,0.000799360672675609
0.00289888576907642,0.951355793156575,0.0457453210743486
0.00912911436317138,0.989324983786264,0.00154590185056479
0.674735559475866,0.324734730671571,0.000529709852562228
0.0886702376348695,0.883366336730764,0.027963425634366
1.52448072538023e-06,0.999998019643199,4.55876075190024e-07
0.0165522807961533,0.979742644332083,0.00370507487176317
0.00221810271161509,0.995825524111723,0.00195637317666143
6.33701045350168e-05,0.999933511872955,3.11802251018035e-06
0.00785075493827245,0.938348951900434,0.0538002931612936
0.999991729578424,7.32830625094209e-06,9.42115324939691e-07
0.00411638271460739,0.939801833886773,0.0560817833986192
0.0203505662161105,0.0680790914518963,0.911570342331993
0.0341616332018613,0.927785505707638,0.038052861090501
0.939082451935845,0.0594606824171399,0.00145686564701503
0.0105654861576909,0.985642820950421,0.00379169289188775
6.44850690818551e-07,0.99999922901143,1.26137879525796e-07
0.999913177473623,8.58647014886768e-05,9.57824888732492e-07
0.0123433807466567,0.967670466151279,0.0199861531020647
0.98568535715819,0.0142582300580246,5.64127837856925e-05
0.986255732568449,0.0136196039319444,0.000124663499607077
0.999894587482871,0.000104405425633307,1.00709149541261e-06
3.4969441786648e-08,6.41283235247516e-06,0.999993552198206
0.612941709118124,0.386500255669554,0.000558035212321582
0.00236530685565536,0.000323063276980612,0.997311629867364
0.0997015899600934,0.898545344066596,0.00175306597331075
1.2573293274704e-06,0.999998583421181,1.59249491390863e-07
0.996937486997189,0.000436885866705871,0.00262562713610513
0.0260599521186456,0.972012978242938,0.0019270696384166
0.99850583685612,0.00148964844084408,4.51470303592731e-06
2.07063013288651e-05,0.999977488384823,1.80531384833981e-06
6.16466299054458e-06,0.999992082960666,1.75237634364452e-06
0.999986249318325,1.32026949107372e-05,5.47986764027601e-07
0.976069811555416,0.0238737495497245,5.64388948598243e-05
7.52718200679052e-09,1.77783327063721e-06,0.999998214639547
1.08420071283038e-06,0.999998770197038,1.45602248714665e-07
0.0221258047701789,0.976698816082532,0.00117537914728954
2.91445880223749e-06,0.999996630731976,4.54809221362045e-07
0.999937999933167,6.1099728207909e-05,9.00338624848129e-07
0.0164179266861565,0.978660160677175,0.00492191263666871
0.487668112467333,0.511644657365226,0.000687230167440411
0.050412705232172,0.945458672617929,0.00412862214989887
0.00015743316946189,0.999826963948248,1.56028822900436e-05
0.715772435756687,0.2836177695234,0.000609794719913339
0.994259220782188,0.000172358440592503,0.00556842077721905
1.64015126512948e-05,0.999981560470212,2.038017136982e-06
2.71072946282994e-06,0.999997032902641,2.5636789627353e-07
2.17071199460965e-06,0.999997637494719,1.91793286447414e-07
1.85095918246591e-05,0.999980328148217,1.16225995864357e-06
2.38225885838897e-06,0.999997242541188,3.75199953925439e-07
3.57091664266544e-08,6.82724818271183e-06,0.999993137042651
0.983619168025495,0.0162963048397045,8.45271348006858e-05
2.81224799720173e-06,0.999996864728685,3.23023318000389e-07
0.999974603262822,3.96047575078558e-06,2.14362614271787e-05
0.0627601783059599,0.935859107056561,0.00138071463747965
7.39850105049142e-07,7.34727128276526e-05,0.999925787437067
0.0747238800242793,0.922455632145439,0.00282048783028209
0.00868005900667158,0.990441980342906,0.000877960650422888
0.999951397046842,4.80202821143051e-05,5.82671043955043e-07
0.0031280777187593,0.99460914127045,0.00226278101079041
1.01780688198033e-05,0.999988242547845,1.57938333566851e-06
0.751927682979114,0.242844322346183,0.00522799467470265
0.679487386867212,0.291518822820093,0.0289937903126958
6.86548171120242e-07,0.999999102632024,2.10819804963867e-07
0.183238982039269,0.811362178707407,0.00539883925332428
0.0152155169307298,0.982735301304126,0.00204918176514394
1.60790824122932e-05,0.999981180790631,2.74012695644033e-06
6.81417442659698e-06,0.99999177718786,1.40863771336997e-06
0.281836197323674,0.0424311898547742,0.675732612821552
0.900471322372236,0.0951763459217928,0.00435233170597161
1.32956840227396e-06,0.999998413123764,2.57307834028508e-07
0.962235600136306,0.0362545289666369,0.00150987089705698
1.82013170983721e-06,0.999997918275498,2.61592791670466e-07
0.898633676896407,4.9615223163916e-08,0.10136627348837
1.67023856441749e-05,0.999981760131973,1.53748238262747e-06
0.0284821346035103,0.965101789132503,0.0064160762639863
0.048463733462755,0.948443381066829,0.00309288547041641
3.9803218300264e-05,0.99995346675445,6.73002724938782e-06
0.999967963780728,3.10434701110118e-05,9.92749161222805e-07
0.0415602680499737,0.954472000943072,0.0039677310069546
0.0037144456897044,0.954237969888151,0.042047584422145
2.90419410508506e-06,0.999996767783716,3.2802217904937e-07
3.35312325845703e-05,0.99996431016281,2.15860460530126e-06
4.6269310117017e-06,0.999995030147286,3.42921702309137e-07
4.10723291527101e-06,0.999995561539417,3.3122766728466e-07
0.998543063969048,0.00138961168677255,6.73243441792994e-05
0.024374092538826,0.973766165864067,0.00185974159710732
0.205038889818828,0.792383861659133,0.00257724852203916
0.873334418845463,0.125034291902278,0.00163128925225887
0.000538558955588665,0.999405808013747,5.56330306640288e-05
0.000500799948331942,0.999469221566539,2.99784851294294e-05
0.00265520567759578,0.996015665953179,0.00132912836922515
0.00264776782520475,0.029797598087872,0.967554634086923
1.20206961968733e-06,0.999998638630014,1.59300366191035e-07
0.127394114879039,0.871607906811779,0.000997978309182355
2.8018198195272e-05,0.999969571233635,2.41056816959679e-06
1.19966888101198e-06,0.999998396301769,4.04029350192949e-07
0.0142819855178955,0.982338679118942,0.00337933536316283
0.80084794230473,0.198614089866933,0.000537967828337585
0.00690870671045914,0.080996817378375,0.912094475911166
1.64201243449154e-06,0.99999808626298,2.71724585784837e-07
5.79318997761152e-07,0.99999930062804,1.20052962080007e-07
9.00352943399598e-09,2.90614093536011e-06,0.999997084855535
1.13849036341066e-06,0.999998628640866,2.32868770795298e-07
1.3179665853876e-06,0.999998352032102,3.30001312826743e-07
0.0315953367979025,0.965998695537457,0.00240596766464057
0.999984361789783,1.4740463172206e-05,8.97747044469211e-07
0.852781218814827,0.145480966685654,0.0017378144995186
0.00565886531978982,0.939408545482349,0.0549325891978611
3.56884607822833e-06,0.999995764668303,6.66485619033331e-07
7.91749685739024e-07,0.999999026262379,1.81987935733833e-07
0.0870876960713998,0.274761487152557,0.638150816776043
0.8182296200166,0.180603408274906,0.00116697170849384
1.47471988082446e-06,0.999997954017709,5.7126241058205e-07
9.92940128381864e-07,0.999998808317741,1.987421306676e-07
0.0581044794410278,0.940206501220893,0.00168901933807955
7.13837041158127e-07,0.999999151432407,1.34730551704048e-07
9.74175689041699e-07,0.999998810652042,2.15172269449403e-07
0.00384265185781201,0.996002773257521,0.000154574884667299
0.925005901078225,0.0747655831454018,0.000228515776373036
5.23774169265949e-07,0.99999931966328,1.5656255095286e-07
2.181845927036e-06,0.999997592630631,2.2552344193209e-07
0.781416111841452,0.217615884627713,0.000968003530835326
0.0569301397622796,0.941543944120047,0.00152591611767342
0.00411480356925049,0.955379307689956,0.0405058887407936
1.24942865220457e-08,3.8204883593448e-06,0.999996167017354
0.00802310647189345,0.940121240201834,0.0518556533262722
0.999984387644546,1.49410058698764e-05,6.7134958403547e-07
1.70063727572095e-06,0.999998115374557,1.83988167724903e-07
0.810066436034705,0.189710291484884,0.00022327248041145
0.000180244381155546,0.999798306037115,2.14495817298433e-05
1.18225146666862e-06,0.999998569346951,2.48401582411799e-07
1.33746003569694e-06,0.999998410978459,2.51561505776575e-07
0.00196666346601441,0.994554364532951,0.00347897200103498
0.973919269982379,5.30593763310153e-06,0.0260754240799881
0.00828127504132671,0.990979079377454,0.00073964558121951
0.000803910460278508,0.999098685097463,9.74044422582987e-05
0.0362373180598613,0.95602895004867,0.00773373189146875
0.0234405729125986,0.968917517903788,0.00764190918361312
0.999979728554541,1.8913213118911e-05,1.3582323403517e-06
0.000119843981981512,0.999850251797878,2.990422014051e-05
1.04304830162549e-05,0.999988828156611,7.41360372954637e-07
0.999988385793565,1.10363999090612e-05,5.77806525599519e-07
6.58257043074787e-05,0.999914037135612,2.01371600808755e-05
0.0548309450778608,0.89169400656795,0.0534750483541897
0.999780540322653,0.000217996564676616,1.46311267051905e-06
0.639248123681957,0.056849177808318,0.303902698509725
0.0529079586223703,0.927598645361392,0.0194933960162376
6.95479323214967e-07,0.999999184693294,1.19827382786568e-07
0.999931006364883,6.83175104094326e-05,6.76124707858128e-07
0.994988652130531,0.00495112798924365,6.02198802252596e-05
0.00241574382652698,0.95370519466178,0.0438790615116929
0.00593901213712213,0.00173708850141936,0.992323899361458
0.154160970785502,0.000495697331728106,0.84534333188277
9.74700161204996e-07,0.999998899348055,1.25951783570994e-07
0.000100349837264633,0.999873820891347,2.58292713882628e-05
0.00810010493547123,0.991663015014194,0.000236880050335188
0.000188253595105466,0.16413444651731,0.835677299887585
0.0710828449523217,0.909583934485843,0.019333220561835
0.776516071104325,0.223157259410324,0.000326669485350818
6.66760757441426e-06,0.999987271682958,6.06070946732986e-06
0.0489210946442927,0.939953612792257,0.01112529256345
0.984095502437774,0.0158627324684162,4.17650938101391e-05
2.54886360883232e-06,0.999997228117068,2.23019323177053e-07
0.99997556992797,2.37877766982098e-05,6.42295331406949e-07
0.00120476661053786,0.0104604312533109,0.988334802136151
0.0139219051025309,0.982071761986304,0.00400633291116546
2.12863332973755e-06,0.999997224162314,6.4720435612444e-07
0.970964216587311,0.0289664119265668,6.93714861223921e-05
0.000630299357920948,0.999284070493009,8.56301490697803e-05
0.999975111771648,2.38944010048256e-05,9.93827346971494e-07
0.999464277386288,0.000530333257969665,5.3893557423033e-06
0.0989777882156529,0.898985204852681,0.00203700693166629
0.000350712357010023,0.999613343859207,3.59437837827887e-05
1.15715132254198e-06,0.999998665848483,1.77000194750127e-07
2.1433824128238e-07,2.61989264548475e-05,0.999973586735304
0.999469031021007,0.000525091430805099,5.87754818782433e-06
0.0435974859043904,5.51536041592151e-05,0.95634736049145
3.45709366979873e-06,0.999996191083702,3.51822628401497e-07
0.00453263371345885,0.995027038738937,0.000440327547603942
0.00294753645963218,0.0200510851042082,0.97700137843616
0.00539240965594496,0.94882989793355,0.0457776924105051
2.41338149214389e-06,0.999997198330756,3.8828775199439e-07
0.00185821097281788,0.995537534063727,0.00260425496345504
0.427983275396987,0.570582806544441,0.00143391805857248
0.00844692639098558,0.919391805462554,0.0721612681464609
0.999734548585473,0.000258911529388187,6.53988513853515e-06
0.831853828829815,0.166583278196811,0.00156289297337452
0.00311237979392273,0.996786615410888,0.000101004795189071
0.0117539992572061,0.936392326899925,0.0518536738428688
0.0257474496194051,0.973475880910229,0.000776669470365768
0.259048358851012,0.73672497528717,0.00422666586181818
1.93044590977655e-06,0.99999788357133,1.85982760422934e-07
0.716053726798711,0.279629013067742,0.00431726013354714
0.0035355737729762,0.034595176323657,0.961869249903367
0.706248742131072,0.290764484394114,0.0029867734748146
4.86933766033185e-06,0.999994443088268,6.87574071166423e-07
0.00234530568204769,0.957894339474863,0.0397603548430894
3.5486627140323e-06,0.999994374082146,2.07725513954387e-06
1.09252982871639e-06,0.999998490032154,4.17438017252366e-07
0.736859913140463,0.261133972886365,0.00200611397317216
1.43610892417737e-06,0.999998219468835,3.44422240779471e-07
0.0740529736623388,0.919705250946692,0.00624177539096871
0.999925636574617,7.03894480759758e-05,3.97397730732659e-06
0.587729475303756,0.0659035024102904,0.346367022285953
1.79806269658584e-08,4.7527410537688e-06,0.999995229278319
1.14972618777502e-06,0.999998562635961,2.87637851461194e-07
0.0124737049047505,0.985074000702202,0.00245229439304792
0.0558998439177659,0.942872662135121,0.00122749394711351
0.999896611439987,0.000101092446428845,2.29611358420236e-06
0.0507223548052572,0.941613683435587,0.00766396175915557
0.986365739852912,0.0134286922362216,0.000205567910865924
2.32930712980132e-06,0.999997240396287,4.30296582709836e-07
1.93870330848043e-07,2.21426974278373e-05,0.999977663432241
0.0579052516368042,0.929979584676965,0.0121151636862306
8.79053151624575e-08,2.14433321031371e-05,0.999978468762582
0.000313139801407259,0.348236670380518,0.651450189818074
0.0556365375114104,0.930072896510796,0.0142905659777932
1.34156215934648e-05,0.999980679312523,5.90506588402275e-06
0.999982511182338,1.69565254451143e-05,5.3229221659886e-07
3.81319932886385e-05,0.999945620937431,1.62470692806739e-05
2.14047594013071e-05,0.000339792722194767,0.999638802518404
0.00145897094649915,0.0196766963729966,0.978864332680504
0.999677104789833,0.000313213325079334,9.68188508766177e-06
0.00719635768067584,0.949886535452117,0.0429171068672074
5.3655948849232e-05,0.999934428824453,1.19152266980412e-05
8.59201776370472e-07,0.999998995313599,1.454846241278e-07
5.52627277013564e-05,0.999940518123912,4.21914838643247e-06
0.00328010232132713,0.996324253053649,0.000395644625023509
0.979821375459417,8.17382384546417e-07,0.0201778071581982
8.31277521057825e-07,0.999999044366775,1.24355704144319e-07
0.000111438383088757,0.999880119394354,8.442222557223e-06
0.00136780468780162,0.00556291980410389,0.993069275508095
7.43884311116548e-06,0.999990994287575,1.56686931361043e-06
0.879305161894064,0.119945746355633,0.000749091750303765
0.924846229979631,0.0736552581535661,0.00149851186680287
5.22833090471022e-06,0.999994092310593,6.79358502706349e-07
0.0447219876621763,0.925353424177542,0.0299245881602813
1.83328871222229e-06,0.999997927446272,2.39265015476257e-07
0.00545281173353514,0.986088192390937,0.00845899587552811
0.994107306525749,0.0016600387993341,0.00423265467491644
0.00251797638444053,0.00879756407946618,0.988684459536093
0.995872348511576,0.00394807043172751,0.000179581056696007
0.0330821502945066,0.963423171519029,0.00349467818646457
1.50287028703303e-06,0.99999747232355,1.02480616289754e-06
0.034823232043126,2.49914617677148e-05,0.965151776495106
0.0097123226135251,0.988879909446179,0.00140776794029569
0.99917658805939,0.000819003003508333,4.40893710117077e-06
6.14480876210199e-07,0.999999258926217,1.26592906698842e-07
0.0386893533540708,0.9580545300849,0.00325611656102872
4.01538917198706e-07,1.40256216500192e-05,0.999985572839433
4.21409649315224e-06,0.999994975589181,8.10314326136591e-07
0.0397284491734104,0.95893205690073,0.00133949392585986
0.0939364560368494,0.867193347775057,0.038870196188094
0.000334944559176006,0.999633925934821,3.11295060026785e-05
3.08556625776312e-05,0.999966287843967,2.85649345535604e-06
2.64427606484859e-06,0.999996300430884,1.05529305083311e-06
2.04124779366304e-06,0.999997008469802,9.50282404142743e-07
0.0212054073679695,0.977194953379328,0.0015996392527024
0.28512805884342,1.23676443177798e-05,0.714859573512262
1.31724395004528e-06,0.999998129979598,5.52776451485663e-07
0.055385065909453,0.94244135595736,0.00217357813318667
0.999928248536535,7.02129340345782e-05,1.53852943060758e-06
8.89050092723788e-07,0.999998774294637,3.36655270591369e-07
0.03626539042787,0.962288270165398,0.0014463394067322
0.00342840767421515,0.994219874490228,0.00235171783555723
0.0569156297251199,0.364632481389571,0.578451888885309
7.66181658089871e-07,0.999998992760407,2.41057935218614e-07
0.99993600778518,6.33383956230565e-05,6.53819197320429e-07
0.0483599873382038,0.948804468076255,0.00283554458554113
0.00346761661235299,0.995066631132279,0.00146575225536788
0.980680319274357,0.0182396088912808,0.00108007183436275
0.0382990810308315,0.959363853621124,0.00233706534804432
0.00209195729480184,0.995067534999276,0.00284050770592248
0.996541532791131,0.000296494791027586,0.00316197241784141
0.000681865103972485,0.999276818370377,4.13165256509532e-05
0.000886494443500515,0.99906471754695,4.87880095490736e-05
0.0451991153792953,0.950841458648787,0.00395942597191793
7.74321809766326e-07,0.999999094735186,1.30943004709435e-07
0.0256804620548196,0.972623399484616,0.00169613846056397
0.0289063312333804,0.970157029853311,0.000936638913308963
5.67220077738351e-06,0.999993865737077,4.62062145547183e-07
2.25986901619107e-06,0.99999724868705,4.9144393422312e-07
1.7799422148853e-06,0.99999792990669,2.90151095397048e-07
0.0513428585968867,0.945251247102795,0.00340589430031878
0.0287604090049473,0.00139660608676082,0.969842984908292
1.11823198581944e-06,0.99999867664059,2.0512742455258e-07
0.374022264965416,0.0188083831008876,0.607169351933696
4.00296195341193e-05,0.999957696962985,2.2734174809663e-06
0.999756796478928,0.00024141453124398,1.78898982755501e-06
0.000234081716162493,0.168916453536859,0.830849464746978
0.985224197314203,0.0142961982457029,0.000479604440093973
0.999991619621923,7.17139633034651e-06,1.2089817467628e-06
0.99992530117287,7.24686375073861e-05,2.23018962223347e-06
0.999902544676032,8.48263242446085e-05,1.26289997233955e-05
0.00104456311819062,0.722889625420511,0.276065811461298
0.00588843023906157,0.992051105679386,0.00206046408155253
0.0684072056808205,0.929457171806538,0.00213562251264119
0.160643526907233,0.838849667241639,0.000506805851127968
8.31386229581915e-06,0.999989720502086,1.96563561813418e-06
0.00452683495379273,0.995151844484318,0.00032132056188969
0.00170060062284509,0.0211986365811276,0.977100762796027
1.72690507660148e-06,0.000205258645421579,0.999793014449502
8.43861831768557e-09,2.07304134662476e-06,0.999997918520035
0.99973548629741,0.000262775698782232,1.73800380761923e-06
0.810012640908788,0.189444676666206,0.000542682425005598
0.987345419596854,0.000341957038341443,0.0123126233648049
0.212809911097329,0.779478141405694,0.00771194749697721
0.848889014368398,0.150046251211865,0.00106473441973692
0.518729459476283,0.469525580621394,0.0117449599023232
0.00346284119488621,0.995908964566497,0.000628194238616865
0.137991991692408,0.000389988157085888,0.861618020150506
0.0145602057768599,0.984410942031213,0.00102885219192697
0.999565423038329,0.000431840383338876,2.73657833171549e-06
0.0104633293390072,0.988017499482089,0.00151917117890342
8.09390842699126e-06,0.999990069161924,1.83692964944029e-06
0.797286980290446,0.201948463383697,0.000764556325857193
0.9999941042203,5.027811282093e-06,8.67968418243898e-07
0.890770641566772,0.107600737002411,0.00162862143081711
0.949416113959623,0.0496560484029349,0.000927837637442361
0.99971612952358,0.00028256500125036,1.30547517005639e-06
0.999986640721317,1.21513770399762e-05,1.20790164297849e-06
1.7900080019724e-05,0.999980360364492,1.73955548869385e-06
1.4134987080381e-05,0.999984996587208,8.68425711627367e-07
6.50023221531755e-07,0.999999249606351,1.00370427556944e-07
0.00806484449033774,0.916380988815286,0.0755541666943767
2.5395921367356e-08,4.42709527132769e-06,0.999995547508807
0.000837901070172188,0.999088451043655,7.36478861730361e-05
0.169652430209774,0.829369201684024,0.000978368106201603
4.77141224588059e-06,0.999994656230242,5.72357512245681e-07
4.2199949410563e-06,0.999995463248693,3.16756365468144e-07
6.0752118901035e-07,0.999999294928601,9.75502101007606e-08
0.00390593089196016,0.948605484400719,0.047488584707321
1.10353790493209e-06,0.999998662575334,2.33886760920813e-07
0.0115754865071201,0.903327356722278,0.0850971567706023
0.868990259271279,0.130153858938822,0.000855881789898343
4.88543222428964e-05,0.999944967131261,6.17854649656311e-06
0.855503876615696,0.143903585062299,0.000592538322005176
0.99137087450793,0.00652938187098455,0.00209974362108588
6.62981007199382e-05,0.999915867196312,1.78347029676643e-05
0.0155559573166452,0.983114179487152,0.00132986319620277
0.0280909426518417,0.969229275155125,0.00267978219303336
0.0177312519581629,0.911995362565534,0.0702733854763036
8.11242879858226e-06,0.999986888286563,4.9992846383944e-06
0.758874893176727,2.66659472557357e-05,0.241098440876017
2.030123422382e-05,0.999974089405071,5.60936070537322e-06
0.0571342572194606,0.938725994630721,0.00413974814981858
0.348277077548986,0.650685090941235,0.00103783150977846
3.35671792031921e-06,0.999996276930615,3.66351464265472e-07
6.00861500895135e-07,0.99999927006026,1.29078239559103e-07
0.91396557066671,0.0835903359981115,0.00244409333517868
0.999900698187382,9.34327250157458e-05,5.86908760256568e-06
0.99997752043952,2.07571736708987e-05,1.72238680922088e-06
9.57631823272708e-07,0.999998921615363,1.20752813843963e-07
0.000637124532212449,0.999320157019929,4.27184478580959e-05
0.0887571751463617,0.900897732093476,0.0103450927601626
0.933302498439438,0.0557170837370535,0.0109804178235081
1.18391427664241e-06,0.999998347841261,4.68244462556624e-07
0.000172437537865634,0.999819955983274,7.60647886064621e-06
5.82263190629831e-08,5.71436774281044e-06,0.999994227405938
0.000147501977049074,0.999827934059043,2.45639639078765e-05
0.99993846476992,5.80247653521773e-05,3.510464727564e-06
0.107094278824437,0.820820967932736,0.0720847532428278
0.449050324848888,0.549633582460377,0.00131609269073525
0.999549130873457,0.000448308088442314,2.56103810112317e-06
8.70624356619377e-05,0.999906753831503,6.18373283509104e-06
0.999982790412757,1.66894171132461e-05,5.20170130021594e-07
0.0528939404902685,0.94492253590287,0.00218352360686168
2.17758760921686e-06,0.999997314802168,5.07610222778411e-07
0.999960064169289,3.90020252866107e-05,9.33805424558207e-07
0.119494246131757,0.877315667292451,0.00319008657579169
2.51423430955538e-05,0.999965995527116,8.86212978851261e-06
6.92378803561344e-07,0.999999190373509,1.17247687052424e-07
1.51506614808718e-06,0.999997815762365,6.69171487352168e-07
1.13776361849849e-06,0.999998736519066,1.25717315713096e-07
0.104337040259358,0.871206142322431,0.0244568174182111
0.000696677934736891,0.937485130609585,0.0618181914556784
1.2768588999777e-08,2.75188680907885e-06,0.999997235344602
0.999946645312696,5.23983447322969e-05,9.56342571875152e-07
0.405973469397648,0.00931134391174492,0.584715186690607
0.00418955953698481,0.898377135610877,0.0974333048521382
1.01993003865969e-08,3.0873234150601e-06,0.999996902477285
0.891189272398591,0.108620450367739,0.00019027723366914
0.875887302949279,0.121924030159277,0.00218866689144468
6.22442470359503e-06,0.999993105891359,6.69683937815569e-07
0.000201491594775706,0.999782619572287,1.5888832937115e-05
3.18427917245336e-05,0.999964046564343,4.11064393292411e-06
0.999972989972933,2.62330297308006e-05,7.76997336530833e-07
9.09472548615894e-07,0.999998885888036,2.04639415233249e-07
0.0350921734121758,0.964168473243832,0.000739353343992395
0.993613511412002,0.000225544423404918,0.00616094416459259
0.00265431813763637,0.995103286052289,0.00224239581007476
0.065750340778399,0.932906380543298,0.00134327867830291
0.32620913338413,0.670472632197473,0.00331823441839709
0.649786999662142,0.349809639179306,0.000403361158551672
0.979585765174941,0.0183701200254241,0.00204411479963451
0.00553681219766799,0.937693852567536,0.0567693352347956
0.999972957553173,2.65319322767479e-05,5.10514550648026e-07
8.3791194527426e-07,0.999998875998432,2.86089622377266e-07
1.41453641461763e-08,3.03264190634338e-06,0.99999695321273
0.650013827188401,0.341233110964487,0.00875306184711245
0.0354149324299924,7.95907362809271e-05,0.964505476833727
2.32184749511315e-05,0.00197561833734563,0.998001163187703
0.0650104809784682,0.933337631846941,0.00165188717459121
0.199737686151802,0.790133474820483,0.0101288390277142
0.999858390374059,0.000124882460429199,1.67271655115433e-05
0.173740215129614,0.000922038324532524,0.825337746545854
9.57282430954314e-06,0.99998959152113,8.35654560359516e-07
1.59840292262403e-06,0.999998115161362,2.86435714896816e-07
0.000799845159831612,0.0521625418142554,0.947037613025913
0.0033146700567061,0.992113565896273,0.00457176404702053
9.87790376871949e-07,0.999998824793719,1.8741590388507e-07
0.0199619532945813,0.976185191707715,0.00385285499770355
0.999992152770333,6.89323888620478e-06,9.53990780632481e-07
0.0296665748846223,0.967877758237953,0.0024556668774246
0.0129275170261321,0.986441745576749,0.000630737397119308
2.61451469314646e-06,0.999996971120381,4.14364925804096e-07
1.07334969744804e-05,0.999985836388077,3.43011494890822e-06
4.62588541628481e-06,0.999994861864133,5.1225045104798e-07
8.13888778859491e-05,0.999911499774146,7.11134796836856e-06
0.986210773474603,0.0137090331313198,8.01933940770338e-05
0.035892666256177,0.961609837560373,0.00249749618344955
0.0436490329436695,0.954442205588384,0.00190876146794635
6.24870315297883e-07,0.999999257712732,1.17416952244002e-07
0.00205092330871264,0.00625532906834277,0.991693747622945
0.999992076419129,7.05541700999678e-06,8.68163860564225e-07
1.37852675980767e-06,0.999997801930113,8.19543127647398e-07
0.959975006003929,0.0377332193226279,0.00229177467344296
0.0914828822181606,0.906408079915766,0.00210903786607385
0.999852843050457,0.000146152748330804,1.00420121234555e-06
0.905608880090426,0.0926467904920071,0.00174432941756737
0.747953575147277,0.251724715963693,0.000321708889030369
3.10255568490475e-06,0.999996614977021,2.82467294534997e-07
0.678456142254868,0.316836023240621,0.004707834504511
2.44849247941709e-06,0.99999734029351,2.1121401020812e-07
0.0531485612285106,0.942604318631072,0.00424712014041708
0.00465474468564058,0.987423356209999,0.00792189910436029
8.69752251113358e-07,0.999998965710471,1.64537278093803e-07
0.999971606881427,2.52316066110245e-05,3.16151196222599e-06
0.899890556325665,0.098836899480076,0.00127254419425927
3.2710790938849e-05,0.00117059359392804,0.998796695615133
0.000944888453759367,0.998753322848854,0.000301788697386932
3.44208290955334e-06,0.999994938494823,1.61942226714774e-06
0.0625551307385804,0.936485828748219,0.000959040513200269
0.996337822835713,0.000449031238590254,0.0032131459256966
6.46315069138525e-06,0.999992795714834,7.41134474896596e-07
0.201554745418931,0.625527533001354,0.172917721579714
1.90632716977856e-05,0.999978703866651,2.23286165073736e-06
6.25920933197897e-06,0.999991685902741,2.05488792654342e-06
0.999988447177396,1.10039814786429e-05,5.488411256161e-07
0.999945365811345,5.29195418803652e-05,1.71464677459175e-06
0.00217583283964893,0.712796360934857,0.285027806225494
0.979443354802895,2.84845513247158e-05,0.0205281606457798
1.45571096491187e-06,0.999998349501549,1.94787485880613e-07
0.0455966994578345,0.937907725026971,0.0164955755151941
0.00282707066105662,0.981948412620259,0.0152245167186846
1.40814133581093e-05,0.0015980247957184,0.998387893790924
1.83658039743005e-08,3.82187340329105e-06,0.999996159760793
0.0304818149129118,0.961414982476871,0.00810320261021772
0.0268675747913839,0.965181760759475,0.0079506644491411
2.47719841951741e-05,0.999972626859599,2.60115620634166e-06
2.88288671307625e-06,0.999995938727685,1.1783856016996e-06
0.999931705433145,6.73969572437577e-05,8.97609611505171e-07
0.873132361478156,0.1261259460188,0.000741692503044387
0.0258261804900304,0.972804634986466,0.00136918452350326
0.922434037857247,1.73657302293597e-05,0.0775485964125239
0.00538296260198717,0.904867241960063,0.0897497954379494
0.00154623645939406,0.997985539038449,0.000468224502156821
0.00334449443702698,0.930361486072539,0.0662940194904337
4.71046817018919e-06,0.999994358974293,9.30557536657052e-07
0.844663946618541,0.154096902360573,0.00123915102088541
0.999368803888523,0.000627086584260687,4.10952721659572e-06
1.20539364605826e-06,0.999998531555292,2.63051061829288e-07
0.000229326940393985,0.999749435661811,2.12373977955016e-05
0.00612769845004788,0.947876347065759,0.045995954484193
0.963485155745583,0.0346609671257381,0.00185387712867897
0.0194540449489196,0.973888028798859,0.00665792625222115
0.99986224728876,0.000135520564226335,2.23214701341812e-06
0.0018552752225472,0.997980668062002,0.000164056715451052
7.35079715262955e-06,0.999989937417787,2.71178506081663e-06
6.09012006123963e-06,0.999991055020052,2.85485988628783e-06
0.999726221787309,0.000254187482432529,1.95907302587275e-05
7.38046086454601e-07,0.999999158298675,1.03655238588272e-07
0.0073940469737955,0.930813779214347,0.0617921738118574
0.0430053123338008,0.955322581080335,0.00167210658586432
0.0483144400920611,0.946888175831634,0.00479738407630542
0.00223237396533145,0.0300826373287993,0.967684988705869
0.109493089973739,0.887469240387297,0.00303766963896407
0.00776423058712859,0.00150513853606394,0.990730630876807
3.6736473259743e-08,7.85310285498339e-06,0.999992110160672
0.0845389654204009,0.913350300806322,0.00211073377327715
3.74376148488996e-06,0.99999593707214,3.19166375365841e-07
6.23024619724237e-05,0.999931648890286,6.04864774164006e-06
0.0489680787943507,0.948155524741062,0.00287639646458746
0.958698560858069,0.0403679969120101,0.00093344222992084
1.71314225791573e-06,0.999997839175062,4.47682680071639e-07
4.78824847914664e-07,0.999999383109174,1.38065978339524e-07
0.000196013325595043,0.17906893767673,0.820735048997675
0.0892626000305199,0.874565888552629,0.0361715114168513
0.00463682465553793,0.936493876063177,0.0588692992812852
7.84945570437361e-07,0.99999897619375,2.3886067940198e-07
1.58754344864301e-05,0.999983166801115,9.57764398535258e-07
0.507238463011901,0.488177191890452,0.00458434509764707
3.06347440641267e-06,0.999996639254191,2.97271402319068e-07
1.00844447345705e-05,0.999987010443467,2.90511179865541e-06
0.902595998864315,4.04920922451832e-05,0.0973635090434402
0.0003540164075767,0.999594381996786,5.16015956377979e-05
0.204265399493289,0.788106944944952,0.00762765556175888
0.0711760107731286,0.914478067837442,0.0143459213894292
0.56559071083338,0.433409887580575,0.000999401586044942
0.999987419601996,1.15369496204476e-05,1.04344838400331e-06
0.00334512965931383,0.0106218946230561,0.98603297571763
1.53586449566048e-05,0.999983612166248,1.02918879540008e-06
3.1476381790578e-06,0.999995801103336,1.05125848485975e-06
0.992265780917016,0.00770445292827038,2.97661547139557e-05
0.999710020807172,0.000288125085216267,1.85410761208023e-06
0.684496318891766,0.31157673634278,0.00392694476545405
3.17152631041532e-05,0.999923141521663,4.51432152326588e-05
0.0299878620569735,0.967780778166503,0.00223135977652323
0.999991108761277,8.13899239213742e-06,7.52246331252917e-07
0.00036656595967274,0.999583285599833,5.01484404944669e-05
0.999957553098195,4.07815109083844e-05,1.6653908967031e-06
5.28193054279684e-07,0.999999349763671,1.22043274316754e-07
0.138798153893383,0.720562929085847,0.14063891702077
1.08866824995466e-06,0.999998676982549,2.34349200661335e-07
1.39087809428731e-08,2.16323675842278e-06,0.999997822854461
0.00328452267634386,0.995591103082082,0.00112437424157413
0.0256384666935501,0.971467587131047,0.00289394617540339
0.489386566263423,0.509094233746211,0.00151919999036559
0.876119381669484,0.123443750895743,0.00043686743477363
2.71445325581103e-06,0.999996922054049,3.63492695372682e-07
1.22733207009863e-06,0.99999855805482,2.14613109886335e-07
0.999977845114137,2.12640319962332e-05,8.90853867011826e-07
1.34704091187286e-06,0.999998423497261,2.29461826829476e-07
0.000288630025106355,0.053844276025792,0.945867093949102
9.22950626079217e-07,0.999998841081758,2.35967616408029e-07
0.643784883879977,0.055751210464176,0.300463905655847
0.961767582153977,0.036322509225129,0.00190990862089409
0.819733316102549,0.177633779472541,0.00263290442491012
0.00230763333250484,0.995166109692544,0.00252625697495146
0.998845460284569,0.00114851192032202,6.02779510910009e-06
0.0294848366217565,7.36869495722316e-06,0.970507794683286
5.22597817829747e-05,0.999944960252661,2.77996555607799e-06
0.999987316407345,1.20676621797986e-05,6.15930475266392e-07
1.0291072578977e-06,0.999998836031434,1.34861307710588e-07
7.14452311201376e-07,0.999999145325397,1.40222291927428e-07
0.0689555577659311,3.05750739594182e-06,0.931041384726673
1.00769842467611e-06,0.999998513471968,4.78829606841466e-07
0.918741436523821,0.0799515908469243,0.00130697262925519
0.023733148159533,0.974913378851168,0.00135347298929938
0.00797062987689857,0.0134354068042071,0.978593963318894
0.00106110519007894,0.00214933269580391,0.996789562114117
0.000378264339664443,0.999206067187583,0.000415668472752611
7.35899174398149e-07,0.99999912613292,1.37967905838545e-07
0.00233520289305071,0.995177008701626,0.00248778840532361
0.954813912631582,0.0435920872986236,0.00159400006979432
0.364431589838765,0.635018285846289,0.000550124314945652
0.861323740045625,0.133080595715216,0.00559566423915972
