0,1,2,label
0.00022108219854999334,0.9997420907020569,3.6721201468026266e-05,1.0
0.0001359607995254919,0.00015735851775389165,0.9997067451477051,2.0
0.9996696710586548,0.00015924879699014127,0.0001711161166895181,0.0
0.9996705055236816,0.0001593302295077592,0.0001701995061011985,0.0
0.00016818389121908695,0.9997912049293518,4.084522879566066e-05,1.0
0.00013418408343568444,0.9998073577880859,5.83369292144198e-05,1.0
0.00012860952119808644,0.00017584268061909825,0.9996953010559082,2.0
0.00014615859254263341,0.9998053908348083,4.8527443141210824e-05,1.0
0.00011721638293238357,0.9998173713684082,6.556846346938983e-05,1.0
0.0001806545042200014,0.9997091889381409,0.00011003408144460991,1.0
0.00013448810204863548,0.9998149275779724,5.073362262919545e-05,1.0
0.00012293289182707667,0.9998217225074768,5.565142055274919e-05,1.0
0.9996539354324341,0.0001463263906771317,0.0001999640226131305,0.0
0.9996548891067505,0.00014589956845156848,0.00019951275316998363,0.0
0.00010999548248946667,0.9998201727867126,6.965788634261116e-05,1.0
0.00016613923071417958,0.00013411525287665427,0.9996996521949768,2.0
0.0019931944552809,0.20750589668750763,0.7905009984970093,2.0
0.00013396608119364828,0.9998135566711426,5.233778938418254e-05,1.0
0.9995971322059631,0.00018694931350182742,0.0002159674186259508,0.0
0.00012247709673829377,0.9998044967651367,7.304408063646406e-05,1.0
0.00012582440103869885,0.9998183250427246,5.5653599702054635e-05,1.0
0.00013132946332916617,0.9998130798339844,5.561301077250391e-05,1.0
0.06330616772174835,0.9366039037704468,9.002200386021286e-05,1.0
0.00013707108155358583,0.999785840511322,7.72539569879882e-05,1.0
0.00010582207323750481,0.9998221397399902,7.211120828287676e-05,1.0
0.0001668394252192229,0.9997912049293518,4.1911738662747666e-05,1.0
0.00010176790237892419,0.9997959733009338,0.00010216727969236672,1.0
0.00019574753241613507,0.9997673630714417,3.684475086629391e-05,1.0
0.0001548428408568725,0.9998035430908203,4.182721022516489e-05,1.0
0.00016066104581113905,0.00014606719196308404,0.9996934533119202,2.0
0.00016038304602261633,0.9997978210449219,4.155592614552006e-05,1.0
0.00019298087863717228,0.9997692108154297,3.762655614991672e-05,1.0
0.00013128989667166024,0.9998154044151306,5.312388020684011e-05,1.0
0.00011016681673936546,0.00020016416965518147,0.9996896386146545,2.0
0.0001247171894647181,0.9997530579566956,0.00012223100929986686,1.0
0.00012890090874861926,0.9998173713684082,5.388846329879016e-05,1.0
0.00011876696953549981,0.999782145023346,9.906067134579644e-05,1.0
0.00017851679876912385,0.9997749328613281,4.6775592636549845e-05,1.0
0.0001350372622255236,0.00015892427472863346,0.9997057914733887,2.0
0.00011575004464248195,0.9998212456703186,6.325303547782823e-05,1.0
9.287482680520043e-05,0.999796450138092,0.00011073803761973977,1.0
0.00019579625222831964,0.9997639656066895,4.034296580357477e-05,1.0
0.6805533170700073,0.31729230284690857,0.0021542333997786045,0.0
0.00012289620644878596,0.00017080357065424323,0.9997062683105469,2.0
0.999674379825592,0.00016426849470008165,0.0001613281638128683,0.0
0.9996728301048279,0.00016277050599455833,0.00016406073700636625,0.0
0.0001210015980177559,0.9998217225074768,5.718159445677884e-05,1.0
9.90555708995089e-05,0.9998117089271545,8.944385626818985e-05,1.0
0.00012709783914033324,0.9998135566711426,5.936533125350252e-05,1.0
0.9996796250343323,0.00018548280058894306,0.00013500518980436027,0.0
0.000204726355150342,0.9997573494911194,3.810899215750396e-05,1.0
0.00019783142488449812,0.9997649192810059,3.702039975905791e-05,1.0
0.00011638298747129738,0.9998217225074768,6.180127820698544e-05,1.0
0.00018447550246492028,0.9997758269309998,3.975312938564457e-05,1.0
0.00010374668636359274,0.9998173713684082,7.905250822659582e-05,1.0
0.0002557854459155351,0.9997134804725647,3.059154551010579e-05,1.0
0.00019068656547460705,0.9997726082801819,3.6576573620550334e-05,1.0
0.9996505975723267,0.00014512772031594068,0.000204520853003487,0.0
0.9996496438980103,0.00014626109623350203,0.0002041509869741276,0.0
0.00013830472016707063,0.9998101592063904,5.1486185839166865e-05,1.0
0.00010467662650626153,0.00021592706616502255,0.9996796250343323,2.0
9.228575072484091e-05,0.999790608882904,0.00011710844410117716,1.0
0.00018646891112439334,0.9997764229774475,3.715345519594848e-05,1.0
0.0001111689125536941,0.9998040199279785,8.490216714562848e-05,1.0
9.423785377293825e-05,0.9997687339782715,0.00013688963372260332,1.0
8.454300404991955e-05,0.00039044267032295465,0.9995251297950745,2.0
0.0001269674685318023,0.0001651203929213807,0.9997077584266663,2.0
0.00013607274740934372,0.9998021721839905,6.168457184685394e-05,1.0
0.00010163027764065191,0.9998059868812561,9.222856169799343e-05,1.0
0.0001326901256106794,0.9998160004615784,5.141964720678516e-05,1.0
0.0002430900203762576,0.9996333718299866,0.00012349562894087285,1.0
0.00010904294322244823,0.999819278717041,7.151755562517792e-05,1.0
9.417109686182812e-05,0.9998006224632263,0.00010523103264858946,1.0
0.0001226429594680667,0.00017501255206298083,0.9997023940086365,2.0
0.00014110801566857845,0.999809741973877,4.928096677758731e-05,1.0
0.00013607274740934372,0.9998021721839905,6.168457184685394e-05,1.0
0.00012630144192371517,0.999809741973877,6.370768824126571e-05,1.0
0.9996529221534729,0.00014695891877636313,0.00020037197100464255,0.0
0.0001556123315822333,0.9998006224632263,4.371734758024104e-05,1.0
0.00015545955102425069,0.9998006224632263,4.3879455915885046e-05,1.0
0.0001062652372638695,0.9998217225074768,7.197036757133901e-05,1.0
0.00014163112791720778,0.9998069405555725,5.177882485440932e-05,1.0
0.00012175516894785687,0.9998207688331604,5.7354336604475975e-05,1.0
0.9996100664138794,0.0002972717338707298,9.257187775801867e-05,0.0
0.00011975178495049477,0.9997406005859375,0.00013942627992946655,1.0
0.00013014624710194767,0.0001613241620361805,0.9997087121009827,2.0
0.00027460098499432206,0.9996939301490784,3.154974911012687e-05,1.0
0.00018086325144395232,0.9997805953025818,3.844878665404394e-05,1.0
0.9996486902236938,0.0001446799869881943,0.0002067399473162368,0.0
0.00011335180170135573,0.9998183250427246,6.858650158392265e-05,1.0
0.00010381429456174374,0.9998196959495544,7.668924808967859e-05,1.0
0.004581010434776545,0.2500847578048706,0.7453340888023376,2.0
0.0001116607672884129,0.9997982978820801,8.986982720671222e-05,1.0
0.00013330020010471344,0.9998154044151306,5.123516166349873e-05,1.0
0.999674379825592,0.00016426849470008165,0.0001613281638128683,0.0
8.684139902470633e-05,0.0007536321645602584,0.9991596937179565,2.0
0.0001286589540541172,0.9998130798339844,5.839498408022337e-05,1.0
0.00017261880566366017,0.9997873902320862,4.0337505197385326e-05,1.0
0.00011141132563352585,0.00019927525136154145,0.9996891617774963,2.0
0.0001161169057013467,0.00027298027998767793,0.9996110200881958,2.0
0.00011820954387076199,0.9998235702514648,5.8439331041881815e-05,1.0
0.00011362886289134622,0.9998112320899963,7.529457798227668e-05,1.0
0.684785783290863,0.312639057636261,0.0025751199573278427,1.0
0.0002497982350178063,0.9997196197509766,3.054665285162628e-05,1.0
0.00015743447875138372,0.999433696269989,0.00040883265319280326,1.0
0.00011717770394170657,0.9998217225074768,6.123764615040272e-05,1.0
0.00014816819748375565,0.9996634721755981,0.00018846627790480852,1.0
0.00012971651449333876,0.9998169541358948,5.349357888917439e-05,1.0
0.6975088715553284,0.2998425364494324,0.002648626919835806,0.0
0.9996596574783325,0.00015005763270892203,0.00019046865054406226,0.0
0.0001387524389429018,0.9998053908348083,5.577165211434476e-05,1.0
0.00012134065764257684,0.00018403954163659364,0.99969482421875,2.0
9.876721014734358e-05,0.9997710585594177,0.00012986690853722394,1.0
0.0001237036776728928,0.9998188018798828,5.7290377299068496e-05,1.0
0.00012981750478502363,0.9998112320899963,5.8904141042148694e-05,1.0
0.00011721638293238357,0.9998173713684082,6.556846346938983e-05,1.0
0.9996724128723145,0.00015841115964576602,0.00016897293971851468,0.0
0.00015733196050859988,0.9997944831848145,4.8003952542785555e-05,1.0
0.000107464351458475,0.00021791967446915805,0.9996748566627502,2.0
0.00014163112791720778,0.9998069405555725,5.177882485440932e-05,1.0
0.9996371865272522,0.00026781068299897015,9.516564750811085e-05,0.0
0.00011554744560271502,0.9998221397399902,6.241687515284866e-05,1.0
0.00010332083911634982,0.9998169541358948,7.987480785232037e-05,1.0
0.00010877124441321939,0.9998221397399902,6.928943912498653e-05,1.0
0.00013820688764099032,0.9998135566711426,4.8134923417819664e-05,1.0
0.9996809959411621,0.00017740546900313348,0.00014169298810884356,0.0
0.9996224045753479,0.00023143243743106723,0.00014637007552664727,0.0
0.00010023304639616981,0.9998169541358948,8.271612750831991e-05,1.0
0.00013152751489542425,0.9998164772987366,5.2095278078923e-05,1.0
0.00011554744560271502,0.9998221397399902,6.241687515284866e-05,1.0
0.9996587038040161,0.00015059870202094316,0.00019061675993725657,0.0
0.00010332083911634982,0.9998169541358948,7.987480785232037e-05,1.0
0.999674379825592,0.0001611746847629547,0.00016451635747216642,0.0
0.9996486902236938,0.0001446799869881943,0.0002067399473162368,0.0
0.0001453911972930655,0.9998092651367188,4.5524142478825524e-05,1.0
0.00010669213224900886,0.999814510345459,7.89159385021776e-05,1.0
0.9995752573013306,0.00032008171547204256,0.00010477930482011288,0.0
0.00010645877046044916,0.9998149275779724,7.843499042792246e-05,1.0
0.00017136239330284297,0.999786913394928,4.153920235694386e-05,1.0
0.0001110025987145491,0.9998226165771484,6.649571878369898e-05,1.0
0.00013864463835489005,0.9998135566711426,4.7794415877433494e-05,1.0
9.051122469827533e-05,0.999701976776123,0.00020747586677316576,1.0
0.00012505687482189387,0.00017848936840891838,0.9996962547302246,2.0
0.0001722734305076301,0.9997882843017578,3.9482001739088446e-05,1.0
9.710797894513234e-05,0.999788761138916,0.00011389652354409918,1.0
0.0001442976063117385,0.9998069405555725,4.8605947085889056e-05,1.0
0.0002000386011786759,0.9997616410255432,3.832724178209901e-05,1.0
0.00010673883662093431,0.00020715242135338485,0.9996862411499023,2.0
0.00013466444215737283,0.9997396469116211,0.0001255897805094719,1.0
0.00012691578012891114,0.9996996521949768,0.0001736158155836165,1.0
0.00016781571321189404,0.9997912049293518,4.0955928852781653e-05,1.0
0.9996691942214966,0.00015537330182269216,0.00017532258061692119,0.0
9.994611900765449e-05,0.9998140335083008,8.591214282205328e-05,1.0
9.605722152628005e-05,0.9998107552528381,9.331286855740473e-05,1.0
0.0001298254355788231,0.9998073577880859,6.288169970503077e-05,1.0
0.00018086325144395232,0.9997805953025818,3.844878665404394e-05,1.0
0.9995985627174377,0.0002819275250658393,0.0001196404846268706,0.0
0.00010899458720814437,0.9998092651367188,8.17367181298323e-05,1.0
0.9996210336685181,0.00026757249725051224,0.00011166299373144284,0.0
0.9996405839920044,0.000141890297527425,0.000217637192690745,0.0
0.00013005307118874043,0.9997892379760742,8.077289385255426e-05,1.0
0.00021839547844137996,0.9997478127479553,3.407673284527846e-05,1.0
0.00011847386485897005,0.9998087882995605,7.275555981323123e-05,1.0
9.287482680520043e-05,0.999796450138092,0.00011073803761973977,1.0
0.00021961248421575874,0.9997473359107971,3.321631083963439e-05,1.0
0.9996739029884338,0.0001725590554997325,0.00015347938460763544,0.0
0.00018447550246492028,0.9997758269309998,3.975312938564457e-05,1.0
0.0001442603097530082,0.9998092651367188,4.668521069106646e-05,1.0
0.0001243376318598166,0.9998140335083008,6.185392703628168e-05,1.0
0.0001668394252192229,0.9997912049293518,4.1911738662747666e-05,1.0
0.00014518060197588056,0.9998087882995605,4.599058229359798e-05,1.0
0.00012399778643157333,0.00017811052384786308,0.999697744846344,2.0
0.0001440933847334236,0.9998069405555725,4.91863138449844e-05,1.0
0.9996476769447327,0.00014541519340127707,0.00020669815421570092,0.0
0.00014497720985673368,0.9998073577880859,4.796826033270918e-05,1.0
0.0002678853052202612,0.9997005462646484,3.1672927434556186e-05,1.0
0.03908523917198181,0.9532082676887512,0.007706312462687492,1.0
0.00013561530795414,0.9998117089271545,5.26431504113134e-05,1.0
0.00010841694165719673,0.9998201727867126,7.114558684406802e-05,1.0
0.00010552276216913015,0.00020947477605659515,0.9996848702430725,2.0
0.9996562600135803,0.00014873279724270105,0.00019505467207636684,0.0
0.00013684471196029335,0.9998121857643127,5.1196813728893176e-05,1.0
0.00012505687482189387,0.00017848936840891838,0.9996962547302246,2.0
8.448103471891955e-05,0.0005256861913949251,0.9993898868560791,2.0
0.9996476769447327,0.00024515739642083645,0.00010697945253923535,0.0
0.00010832394036697224,0.9998221397399902,6.967974331928417e-05,1.0
0.00011432943574618548,0.9998226165771484,6.314581696642563e-05,1.0
0.00010410101094748825,0.0002548258926253766,0.9996410608291626,2.0
0.0001230084162671119,0.9997921586036682,8.474166679661721e-05,1.0
0.00016818389121908695,0.9997912049293518,4.084522879566066e-05,1.0
0.0001350372622255236,0.00015892427472863346,0.9997057914733887,2.0
0.00012738275108858943,0.999814510345459,5.813277675770223e-05,1.0
0.00013602539547719061,0.9997521042823792,0.00011175216786796227,1.0
0.00021415884839370847,0.9997515082359314,3.429824209888466e-05,1.0
0.9996819496154785,0.00017759388720151037,0.00014063846901990473,0.0
0.697030246257782,0.29367855191230774,0.009291267022490501,0.0
0.00012159375910414383,0.9998030662536621,7.531166193075478e-05,1.0
0.00012716633500531316,0.00018080220615956932,0.9996919631958008,2.0
0.00015700911171734333,0.9997974038124084,4.577044819598086e-05,1.0
0.00012857529509346932,0.9997882843017578,8.311300189234316e-05,1.0
0.00010833529086085036,0.9998154044151306,7.606945291627198e-05,1.0
0.00013384284102357924,0.9998112320899963,5.5077547585824504e-05,1.0
0.00012657987826969475,0.9997678399085999,0.00010576285421848297,1.0
0.00016038304602261633,0.9997978210449219,4.155592614552006e-05,1.0
0.00011667380022117868,0.999819278717041,6.401835707947612e-05,1.0
0.0001024584416882135,0.9998173713684082,8.031501056393608e-05,1.0
9.798943210626021e-05,0.9998126029968262,8.944973524194211e-05,1.0
0.0001174961871583946,0.9998073577880859,7.507982081733644e-05,1.0
0.9996786713600159,0.00016730611969251186,0.00015390562475658953,0.0
0.0001252934744115919,0.999814510345459,6.001289875712246e-05,1.0
9.512191900284961e-05,0.9997926354408264,0.00011238584556849673,1.0
0.0001556782517582178,0.0001464672532165423,0.999697744846344,2.0
0.00013864463835489005,0.9998135566711426,4.7794415877433494e-05,1.0
0.9996796250343323,0.00016937337932176888,0.0001508629065938294,0.0
0.0001971994643099606,0.9997653961181641,3.7545443774433807e-05,1.0
0.0001363595947623253,0.9998130798339844,5.046190199209377e-05,1.0
0.9996496438980103,0.00014463266415987164,0.00020569076878018677,0.0
0.9996233582496643,0.00028714825748465955,8.953602809924632e-05,0.0
0.00012182660429971293,0.9998196959495544,5.8261040976503864e-05,1.0
0.00016466750821564347,0.9997921586036682,4.305953189032152e-05,1.0
9.996394510380924e-05,0.9998035430908203,9.631874854676425e-05,1.0
0.00010604685667203739,0.9997053146362305,0.0001885862002382055,1.0
9.564166975906119e-05,0.9997992515563965,0.0001053046144079417,1.0
0.0001622197451069951,0.9997912049293518,4.658865509554744e-05,1.0
0.9996529221534729,0.0001470461138524115,0.00020021761883981526,0.0
0.00018527770589571446,0.9997687339782715,4.588504452840425e-05,1.0
0.00019574753241613507,0.9997673630714417,3.684475086629391e-05,1.0
0.00010083043889608234,0.9996044039726257,0.0002948385663330555,1.0
0.9996529221534729,0.0001470461138524115,0.00020021761883981526,0.0
0.00015749094018246979,0.00014595330867450684,0.9996967315673828,2.0
0.9996691942214966,0.00021923518215771765,0.0001115557097364217,0.0
0.9996610283851624,0.00015103523037396371,0.00018782982078846544,0.0
0.00011169836216140538,0.9998154044151306,7.276514224940911e-05,1.0
0.00013997132191434503,0.9998126029968262,4.729407010017894e-05,1.0
0.00013833293633069843,0.9998053908348083,5.598246571025811e-05,1.0
0.00012284991680644453,0.9998207688331604,5.639561277348548e-05,1.0
0.00010841694165719673,0.9998201727867126,7.114558684406802e-05,1.0
0.0001490313879912719,0.9998059868812561,4.5060281991027296e-05,1.0
0.00010391512478236109,0.00021778461814392358,0.9996781945228577,2.0
0.9996662735939026,0.0001546391868032515,0.0001791823306120932,0.0
0.00010310931247659028,0.9998126029968262,8.421855454798788e-05,1.0
0.00010253810614813119,0.9998173713684082,8.028215961530805e-05,1.0
0.00011745988740585744,0.9997816681861877,0.00010112608288181946,1.0
0.9996719360351562,0.0001787128421710804,0.00014914953499101102,0.0
0.00020014775509480387,0.9997634887695312,3.6397996154846624e-05,1.0
0.00011793895828304812,0.9998207688331604,6.14203599980101e-05,1.0
0.0001565060520078987,0.99979168176651,5.194966433919035e-05,1.0
0.00012565245560836047,0.999819278717041,5.502441854332574e-05,1.0
8.678824815433472e-05,0.0003510075039230287,0.9995623826980591,2.0
0.00010582207323750481,0.9998221397399902,7.211120828287676e-05,1.0
0.00016440797480754554,0.999788761138916,4.667198663810268e-05,1.0
0.00011794154852395877,0.9998183250427246,6.367950118146837e-05,1.0
0.8771613240242004,0.009458757005631924,0.11337994784116745,0.0
0.0001423272187821567,0.9998049139976501,5.297665484249592e-05,1.0
0.00015746420831419528,0.9997969269752502,4.561223249766044e-05,1.0
0.00014021366951055825,0.00015064726176206023,0.9997091889381409,2.0
0.00011544402514118701,0.9997992515563965,8.520706614945084e-05,1.0
0.00014615859254263341,0.9998053908348083,4.8527443141210824e-05,1.0
0.9996639490127563,0.00015530959353782237,0.00018083980830851942,0.0
0.00011014200572390109,0.9998212456703186,6.851498619653285e-05,1.0
9.839274571277201e-05,0.9997992515563965,0.00010219826799584553,1.0
0.9996709823608398,0.00016042466450016946,0.0001685027382336557,0.0
0.00014992289652582258,0.9998016953468323,4.826201984542422e-05,1.0
0.00017634229152463377,0.9997801780700684,4.338309372542426e-05,1.0
0.00015857697871979326,0.9997978210449219,4.3774045479949564e-05,1.0
0.00018136174185201526,0.999779224395752,3.960351023124531e-05,1.0
0.0001678576518315822,0.9997912049293518,4.0906666981754825e-05,1.0
0.00013607274740934372,0.9998021721839905,6.168457184685394e-05,1.0
0.00017333604046143591,0.00014402030501514673,0.9996824264526367,2.0
0.9996271729469299,0.00014020860544405878,0.0002327094553038478,0.0
0.9996362328529358,0.00014086854935158044,0.00022269698092713952,0.0
0.9996505975723267,0.00014512772031594068,0.000204520853003487,0.0
0.00015765339776407927,0.9997710585594177,7.132670725695789e-05,1.0
0.00010191864566877484,0.999809741973877,8.838696521706879e-05,1.0
0.00015857697871979326,0.9997978210449219,4.3774045479949564e-05,1.0
0.9996567368507385,0.00014957343228161335,0.00019372250244487077,0.0
0.0001210015980177559,0.9998217225074768,5.718159445677884e-05,1.0
0.0001287770428461954,0.9998160004615784,5.517554018297233e-05,1.0
9.876721014734358e-05,0.9997710585594177,0.00012986690853722394,1.0
0.9996734261512756,0.0001634081854717806,0.00016298718401230872,0.0
0.00015121279284358025,0.9997448921203613,0.00010394803393865004,1.0
0.0001380931935273111,0.9998135566711426,4.8547204642090946e-05,1.0
0.00013219701941125095,0.9997987747192383,6.916314305271953e-05,1.0
0.9996100664138794,0.0002724707592278719,0.00011728470417438075,0.0
0.0001111689125536941,0.9998040199279785,8.490216714562848e-05,1.0
0.6769272089004517,0.32009556889533997,0.002977103227749467,1.0
0.00017399454372934997,0.9997864365577698,3.9832066249800846e-05,1.0
0.00014472332259174436,0.9998069405555725,4.851416088058613e-05,1.0
0.00011474888015072793,0.9998221397399902,6.30926078883931e-05,1.0
0.6935849785804749,0.30367010831832886,0.002744921948760748,0.0
0.00010778457362903282,0.9998121857643127,8.003058610484004e-05,1.0
0.00010996411583619192,0.9998188018798828,7.098984497133642e-05,1.0
0.00010963385284412652,0.9998217225074768,6.860194116597995e-05,1.0
0.000101246710983105,0.9998178482055664,8.115169475786388e-05,1.0
0.00011739829642465338,0.9998196959495544,6.281750393100083e-05,1.0
0.00015737218200229108,0.9997921586036682,5.0484526582295075e-05,1.0
0.00013947082334198058,0.9998053908348083,5.530666749109514e-05,1.0
0.00013991526793688536,0.999809741973877,5.02869370393455e-05,1.0
0.9996410608291626,0.00014278183516580611,0.00021631784329656512,0.0
0.00010832394036697224,0.9998221397399902,6.967974331928417e-05,1.0
0.0001796223659766838,0.00012783266720362008,0.9996923804283142,2.0
0.0001094442413887009,0.9998196959495544,7.092588930390775e-05,1.0
0.0001355288113700226,0.9998040199279785,6.039873187546618e-05,1.0
0.00012289620644878596,0.00017080357065424323,0.9997062683105469,2.0
0.00010911711433436722,0.9998160004615784,7.493860903196037e-05,1.0
0.00010912356083281338,0.9998083114624023,8.263144991360605e-05,1.0
0.00015746420831419528,0.9997969269752502,4.561223249766044e-05,1.0
0.00012950589007232338,0.9998149275779724,5.570223220274784e-05,1.0
0.9996709823608398,0.00022107524273451418,0.00010791406384669244,0.0
0.9996562600135803,0.0001496937475167215,0.0001939476642291993,0.0
0.00015586274093948305,0.999733030796051,0.00011117071699118242,1.0
0.0001577783696120605,0.9997987747192383,4.361049650469795e-05,1.0
0.00012159016478108242,0.9998201727867126,5.838814104208723e-05,1.0
0.00012077655992470682,0.9997992515563965,7.983810792211443e-05,1.0
0.0001094442413887009,0.9998196959495544,7.092588930390775e-05,1.0
0.00014967331662774086,0.9997658133506775,8.446709398413077e-05,1.0
0.00011008258297806606,0.999809741973877,8.019676897674799e-05,1.0
0.9996805191040039,0.00017582472355570644,0.0001436381571693346,0.0
0.00012691578012891114,0.9996996521949768,0.0001736158155836165,1.0
9.46984946494922e-05,0.9997987747192383,0.00010635789658408612,1.0
9.187574323732406e-05,0.9997816681861877,0.0001264450984308496,1.0
0.00010501639189897105,0.9998107552528381,8.444913692073897e-05,1.0
0.00016349578800145537,0.999793529510498,4.2996085539925843e-05,1.0
0.00016100278298836201,0.9997974038124084,4.188145248917863e-05,1.0
0.9995585083961487,0.00024372096231672913,0.00019766244804486632,0.0
0.9996634721755981,0.00022838414588477463,0.00010844063217518851,0.0
0.00011965190788032487,0.9998044967651367,7.56673762225546e-05,1.0
0.00010217011003987864,0.9997296333312988,0.00016830053937155753,1.0
0.9996781945228577,0.00017353618750348687,0.00014833516615908593,0.0
0.00012467925262171775,0.9998117089271545,6.366468005580828e-05,1.0
0.00014768684923183173,0.9997987747192383,5.34494683961384e-05,1.0
0.9996829628944397,0.0001933589082909748,0.00012371277261991054,0.0
0.0001509145658928901,0.9998059868812561,4.308779170969501e-05,1.0
0.00016256154049187899,0.9997969269752502,4.0506503864889964e-05,1.0
9.449010394746438e-05,0.9997835159301758,0.00012221609358675778,1.0
0.9996462464332581,0.00014509077300317585,0.0002088317123707384,0.0
0.00011739829642465338,0.9998196959495544,6.281750393100083e-05,1.0
0.9996639490127563,0.00016060851339716464,0.00017536222003400326,0.0
0.00017323525389656425,0.9997864365577698,4.04719467042014e-05,1.0
0.9996691942214966,0.00015537330182269216,0.00017532258061692119,0.0
0.0001247374020749703,0.9998140335083008,6.126504013082013e-05,1.0
0.0001241550489794463,0.9998073577880859,6.846867472631857e-05,1.0
0.0002475471992511302,0.9997219443321228,3.059656228288077e-05,1.0
9.912568930303678e-05,0.9998069405555725,9.412709914613515e-05,1.0
0.9996476769447327,0.00014541519340127707,0.00020669815421570092,0.0
0.000192590756341815,0.9997716546058655,3.5711564123630524e-05,1.0
0.000228257427806966,0.9997243881225586,4.725056714960374e-05,1.0
0.00012809090549126267,0.9998154044151306,5.6281438446603715e-05,1.0
0.00013775685511063784,0.9998121857643127,4.9978611059486866e-05,1.0
0.00013524874520953745,0.0001586821163073182,0.9997062683105469,2.0
0.00021493165695574135,0.9997521042823792,3.3296586479991674e-05,1.0
0.00011817257473012432,0.9998169541358948,6.514263805001974e-05,1.0
0.00011998097761534154,0.9998188018798828,6.104359636083245e-05,1.0
0.9996606111526489,0.0001507816486991942,0.0001885257806861773,0.0
0.7534213662147522,0.2434433549642563,0.0031351475045084953,0.0
0.0001062652372638695,0.9998217225074768,7.197036757133901e-05,1.0
0.00011464191629784182,0.9998201727867126,6.520497845485806e-05,1.0
0.00010011277481680736,0.9998001456260681,9.947883518179879e-05,1.0
0.00012725101260002702,0.9998126029968262,6.0043697885703295e-05,1.0
0.00013492423749994487,0.9998140335083008,5.0948121497640386e-05,1.0
0.00011266731598880142,0.9998135566711426,7.398979505524039e-05,1.0
0.0001084779723896645,0.00020707381190732121,0.9996843934059143,2.0
0.00012454568059183657,0.00017153177759610116,0.9997039437294006,2.0
9.730961755849421e-05,0.9997510313987732,0.00015173948486335576,1.0
0.9996529221534729,0.00014666504284832627,0.00020042470714543015,0.0
0.00013448810204863548,0.9998149275779724,5.073362262919545e-05,1.0
0.0002273168065585196,0.9997387528419495,3.401731009944342e-05,1.0
0.000114014110295102,0.00019619196245912462,0.9996896386146545,2.0
0.0001678576518315822,0.9997912049293518,4.0906666981754825e-05,1.0
0.00019755502580665052,0.9997662901878357,3.621200085035525e-05,1.0
0.00019783142488449812,0.9997649192810059,3.702039975905791e-05,1.0
0.00018805226136464626,0.9997744560241699,3.730726530193351e-05,1.0
0.00011051133333239704,0.9997926354408264,9.716142812976614e-05,1.0
0.00010391512478236109,0.00021778461814392358,0.9996781945228577,2.0
0.00011641006858553737,0.9998212456703186,6.219339411472902e-05,1.0
0.00017486457363702357,0.9997853636741638,3.9580325392307714e-05,1.0
0.6885672807693481,0.30826300382614136,0.0031696618534624577,1.0
0.00012289620644878596,0.00017080357065424323,0.9997062683105469,2.0
0.9994493722915649,0.00024004769511520863,0.0003104525967501104,0.0
0.9996553659439087,0.00024366588331758976,0.00010104067041538656,0.0
0.00013139061047695577,0.999814510345459,5.418239379650913e-05,1.0
0.00013558956561610103,0.9998135566711426,5.0728151109069586e-05,1.0
0.00013973950990475714,0.9998092651367188,5.130610225023702e-05,1.0
0.9995689988136292,0.00017399438365828246,0.0002567273040767759,0.0
0.00013862692867405713,0.9996757507324219,0.00018538624863140285,1.0
0.00024695368483662605,0.9997200965881348,3.318332164781168e-05,1.0
0.00011014200572390109,0.9998212456703186,6.851498619653285e-05,1.0
0.00011533232463989407,0.00018788983288686723,0.9996967315673828,2.0
0.9996682405471802,0.00015518373402301222,0.0001767780486261472,0.0
0.00023791265266481787,0.9997196197509766,4.2559167923172936e-05,1.0
0.9996310472488403,0.00018399320833850652,0.0001850425178417936,0.0
0.00019865288049913943,0.9997525811195374,4.866378731094301e-05,1.0
0.00016577520000282675,0.00013755519466940314,0.9996967315673828,2.0
0.00010335523984394968,0.9998130798339844,8.383775275433436e-05,1.0
0.0001007274113362655,0.00023700411838945001,0.999662458896637,2.0
0.00020935735665261745,0.9997544288635254,3.60303238267079e-05,1.0
0.00011018057557521388,0.9996801018714905,0.00020955030049663037,1.0
0.0001380931935273111,0.9998135566711426,4.8547204642090946e-05,1.0
0.00013222993584349751,0.9998160004615784,5.204656190471724e-05,1.0
0.00012106405483791605,0.9998212456703186,5.7638040743768215e-05,1.0
9.470986697124317e-05,0.9997926354408264,0.0001126874121837318,1.0
0.00015545955102425069,0.9998006224632263,4.3879455915885046e-05,1.0
0.00012284991680644453,0.9998207688331604,5.639561277348548e-05,1.0
0.9996524453163147,0.0001895264576887712,0.00015788103337399662,0.0
0.00012353144120424986,0.9998053908348083,7.101489609340206e-05,1.0
0.9996448755264282,0.00014402827946469188,0.00021102633036207408,0.0
0.00015784594870638102,0.999796450138092,4.60528171970509e-05,1.0
0.9996496438980103,0.00014651950914412737,0.0002036531805060804,0.0
0.9996510148048401,0.00014587925397790968,0.00020317673624958843,0.0
0.00017554141231812537,0.9997844696044922,4.008700852864422e-05,1.0
0.00010977007332257926,0.9998207688331604,6.931567622814327e-05,1.0
0.00010245511657558382,0.0002290614356752485,0.9996687173843384,2.0
0.00016100278298836201,0.9997974038124084,4.188145248917863e-05,1.0
0.00010335523984394968,0.9998130798339844,8.383775275433436e-05,1.0
0.00010999548248946667,0.9998201727867126,6.965788634261116e-05,1.0
0.00010326164192520082,0.00022638698283117265,0.9996705055236816,2.0
0.00011649824591586366,0.9998188018798828,6.473476241808385e-05,1.0
0.99964439868927,0.00014296741574071348,0.0002124764578184113,0.0
0.00011641006858553737,0.9998212456703186,6.219339411472902e-05,1.0
0.9996481537818909,0.00014344541705213487,0.00020819695782847703,0.0
9.449010394746438e-05,0.9997835159301758,0.00012221609358675778,1.0
0.00023583437723573297,0.999728262424469,3.591231507016346e-05,1.0
0.9996610283851624,0.00015165109653025866,0.0001873080327641219,0.0
0.9991201758384705,0.0002972680376842618,0.0005827954737469554,0.0
0.00012773153139278293,0.9998169541358948,5.54057041881606e-05,1.0
0.00011793895828304812,0.9998207688331604,6.14203599980101e-05,1.0
0.9996687173843384,0.00020340978517197073,0.0001278926501981914,0.0
0.00010765626939246431,0.9998126029968262,7.961449591675773e-05,1.0
0.0001767355715855956,0.9997439384460449,7.933027518447489e-05,1.0
0.00015533949772361666,0.9998001456260681,4.434011862031184e-05,1.0
0.00012062461610184982,0.999793529510498,8.592614904046059e-05,1.0
0.0001676990941632539,0.9997901320457458,4.227285899105482e-05,1.0
0.0001350372622255236,0.00015892427472863346,0.9997057914733887,2.0
0.00014524486323352903,0.99978107213974,7.382930198218673e-05,1.0
0.999454140663147,0.00031010014936327934,0.00023569723998662084,0.0
0.9996210336685181,0.0002819904184434563,9.697703353594989e-05,0.0
0.00010408473463030532,0.00022902671480551362,0.9996667504310608,2.0
0.0001333957043243572,0.9998140335083008,5.2777213568333536e-05,1.0
0.00010176790237892419,0.9997959733009338,0.00010216727969236672,1.0
0.9992139935493469,0.0001824872160796076,0.0006033003446646035,0.0
0.00010894917795667425,0.9998053908348083,8.581444853916764e-05,1.0
0.00010382558684796095,0.00021934392862021923,0.9996767044067383,2.0
0.00012606884411070496,0.9998173713684082,5.659631278831512e-05,1.0
0.9996539354324341,0.0001478243648307398,0.0001985430280910805,0.0
0.00015746420831419528,0.9997969269752502,4.561223249766044e-05,1.0
0.9996557831764221,0.00022583191457670182,0.0001181690749945119,0.0
0.00015746420831419528,0.9997969269752502,4.561223249766044e-05,1.0
0.00013561530795414,0.9998117089271545,5.26431504113134e-05,1.0
0.0001337476569460705,0.00015965358761604875,0.9997067451477051,2.0
0.00011717770394170657,0.9998217225074768,6.123764615040272e-05,1.0
0.00013473407307174057,0.9998126029968262,5.264681385597214e-05,1.0
0.9996601343154907,0.00015259116480592638,0.00018721516244113445,0.0
0.00013152751489542425,0.9998164772987366,5.2095278078923e-05,1.0
0.9996362328529358,0.00014086854935158044,0.00022269698092713952,0.0
0.9996724128723145,0.00015841115964576602,0.00016897293971851468,0.0
0.0001532401074655354,0.9998016953468323,4.504408934735693e-05,1.0
0.9996591806411743,0.00015021055878605694,0.0001906943944049999,0.0
0.00013684471196029335,0.9998121857643127,5.1196813728893176e-05,1.0
0.00011102767894044518,0.0002013302582781762,0.9996876120567322,2.0
0.9996405839920044,0.000141890297527425,0.000217637192690745,0.0
0.0002543175360187888,0.9996138215065002,0.00013172546459827572,1.0
0.9979545474052429,0.0003194157616235316,0.0017259008018299937,0.0
0.00013561530795414,0.9998117089271545,5.26431504113134e-05,1.0
0.6895643472671509,0.3074548542499542,0.002980767982080579,0.0
0.9996524453163147,0.0001465178356738761,0.00020082670380361378,0.0
0.9996752738952637,0.00020923101692460477,0.00011521447595441714,0.0
9.187574323732406e-05,0.9997816681861877,0.0001264450984308496,1.0
0.9995757341384888,0.00033061468275263906,9.3377850134857e-05,0.0
0.00014442963583860546,0.999809741973877,4.586155046126805e-05,1.0
0.9996501207351685,0.00015063317550811917,0.0001995097118197009,0.0
0.00010382281470810995,0.999819278717041,7.673226355109364e-05,1.0
0.9996529221534729,0.0001470461138524115,0.00020021761883981526,0.0
0.00011347985127940774,0.9998226165771484,6.396600656444207e-05,1.0
0.00019865288049913943,0.9997525811195374,4.866378731094301e-05,1.0
0.00012717422214336693,0.9998188018798828,5.426585994428024e-05,1.0
0.00015737218200229108,0.9997921586036682,5.0484526582295075e-05,1.0
9.31126851355657e-05,0.9997930526733398,0.00011380228534108028,1.0
0.00010420669423183426,0.999790608882904,0.00010514826135477051,1.0
0.00014125868619885296,0.9997373223304749,0.00012161673657828942,1.0
0.9996767044067383,0.00019634768250398338,0.0001266657345695421,0.0
0.00014639925211668015,0.00014648681099060923,0.9997071623802185,2.0
0.00014163112791720778,0.9998069405555725,5.177882485440932e-05,1.0
0.9996424317359924,0.00014327642566058785,0.0002142863377230242,0.0
0.0001440933847334236,0.9998069405555725,4.91863138449844e-05,1.0
0.9996448755264282,0.00014449920854531229,0.0002108506887452677,0.0
0.00011635900591500103,0.9998107552528381,7.303899474209175e-05,1.0
0.00019547851115930825,0.9997673630714417,3.744038986042142e-05,1.0
0.00019015920406673104,0.9997735023498535,3.625643512350507e-05,1.0
0.00021894749079365283,0.9997425675392151,3.8608253817074e-05,1.0
0.7018424272537231,0.2957627475261688,0.002394800540059805,1.0
0.7018424272537231,0.2957627475261688,0.002394800540059805,0.0
0.0001427853712812066,0.9998087882995605,4.8378235078416765e-05,1.0
0.9996809959411621,0.00017956190276890993,0.0001392746635247022,0.0
0.9995457530021667,0.00021033956727478653,0.00024402096460107714,0.0
0.9996819496154785,0.00017128250328823924,0.00014697910228278488,0.0
0.00010332695092074573,0.9998078346252441,8.894352504285052e-05,1.0
0.99960857629776,0.0002491725026629865,0.00014234105765353888,0.0
0.00012860952119808644,0.00017584268061909825,0.9996953010559082,2.0
0.00013607274740934372,0.9998021721839905,6.168457184685394e-05,1.0
0.00013747559569310397,0.9998121857643127,5.055019209976308e-05,1.0
0.0007955251494422555,0.9991058707237244,9.862404112936929e-05,1.0
0.00021894749079365283,0.9997425675392151,3.8608253817074e-05,1.0
0.00011721638293238357,0.9998173713684082,6.556846346938983e-05,1.0
0.0001380931935273111,0.9998135566711426,4.8547204642090946e-05,1.0
0.9996581077575684,0.0001492037408752367,0.00019250113109592348,0.0
0.9996529221534729,0.0001470461138524115,0.00020021761883981526,0.0
0.999674379825592,0.0001611746847629547,0.00016451635747216642,0.0
0.00010556846973486245,0.00021430822380352765,0.9996801018714905,2.0
0.00022303832520265132,0.9997420907020569,3.486701098154299e-05,1.0
0.00010904294322244823,0.999819278717041,7.151755562517792e-05,1.0
0.9996619820594788,0.00015271200390998274,0.00018548245134297758,0.0
0.9996657967567444,0.00015376639203168452,0.00018035755783785135,0.0
0.00013050083362031728,0.9998164772987366,5.32027188455686e-05,1.0
9.424279414815828e-05,0.00027531685191206634,0.9996305704116821,2.0
0.9996629357337952,0.00015029510541353375,0.00018677290063351393,0.0
0.00012632252764888108,0.9998169541358948,5.656215580529533e-05,1.0
0.9996376633644104,0.00014122540596872568,0.00022116319451015443,0.0
0.0001147632283391431,0.00020562288409564644,0.9996796250343323,2.0
0.9995518922805786,0.0002188424696214497,0.00022907520178705454,0.0
0.0001387524389429018,0.9998053908348083,5.577165211434476e-05,1.0
0.0001191604242194444,0.9998188018798828,6.18050544289872e-05,1.0
0.9996405839920044,0.00013997824862599373,0.00021939811995252967,0.0
0.9996601343154907,0.00015259116480592638,0.00018721516244113445,0.0
0.9996734261512756,0.0001629584439797327,0.00016348238568753004,0.0
0.00010382558684796095,0.00021934392862021923,0.9996767044067383,2.0
0.00012950589007232338,0.9998149275779724,5.570223220274784e-05,1.0
0.00011226222704863176,0.9998183250427246,6.929928349563852e-05,1.0
0.00014021366951055825,0.00015064726176206023,0.9997091889381409,2.0
0.00010877029853872955,0.999819278717041,7.175804057624191e-05,1.0
0.9996448755264282,0.00014402827946469188,0.00021102633036207408,0.0
0.00012226995022501796,0.9997953772544861,8.243003685493022e-05,1.0
0.0001701451255939901,0.9997801780700684,4.960471414960921e-05,1.0
9.553447307553142e-05,0.9997515082359314,0.00015279458602890372,1.0
0.0002655743155628443,0.00011043167614843696,0.9996238350868225,2.0
0.0001011049680528231,0.9998087882995605,9.038864664034918e-05,1.0
0.00012971651449333876,0.9998169541358948,5.349357888917439e-05,1.0
0.00014503196871373802,0.9998083114624023,4.6616252802778035e-05,1.0
0.00010912075231317431,0.9998183250427246,7.24844285286963e-05,1.0
0.00011793985322583467,0.9998178482055664,6.414290692191571e-05,1.0
0.9996353387832642,0.0002587650087662041,0.0001059511341736652,0.0
0.00015969944070093334,0.9997992515563965,4.108440043637529e-05,1.0
0.9996419548988342,0.000253548874752596,0.0001042172298184596,0.0
0.0001532401074655354,0.9998016953468323,4.504408934735693e-05,1.0
0.6805533170700073,0.31729230284690857,0.0021542333997786045,1.0
0.00019174697808921337,0.9997696876525879,3.84474296879489e-05,1.0
9.323121776105836e-05,0.9997721314430237,0.0001345798373222351,1.0
0.00012551064719446003,0.00017294009739998728,0.9997014999389648,2.0
0.9996510148048401,0.00014587925397790968,0.00020317673624958843,0.0
0.6864675283432007,0.31099316477775574,0.0025392649695277214,0.0
0.00010400595056125894,0.9998149275779724,8.092864300124347e-05,1.0
0.9996771812438965,0.00020640366710722446,0.00011640450975392014,0.0
9.423785377293825e-05,0.9997687339782715,0.00013688963372260332,1.0
0.00010871885751839727,0.9998217225074768,6.951885006856173e-05,1.0
0.9996529221534729,0.0001470461138524115,0.00020021761883981526,0.0
0.00011664699559332803,0.9998226165771484,6.09202979831025e-05,1.0
0.0002655743155628443,0.00011043167614843696,0.9996238350868225,2.0
0.00011998097761534154,0.9998188018798828,6.104359636083245e-05,1.0
0.00013820688764099032,0.9998135566711426,4.8134923417819664e-05,1.0
0.00013775685511063784,0.9998121857643127,4.9978611059486866e-05,1.0
0.00010167826258111745,0.999814510345459,8.379594510188326e-05,1.0
0.9989386200904846,0.0003536227159202099,0.0007077032350935042,0.0
0.9996796250343323,0.000188279795111157,0.00013207289157435298,0.0
0.00010894917795667425,0.9998053908348083,8.581444853916764e-05,1.0
0.00011554744560271502,0.9998221397399902,6.241687515284866e-05,1.0
0.6477571725845337,0.02501695603132248,0.3272259533405304,0.0
0.0001231912028742954,0.9998183250427246,5.843721373821609e-05,1.0
0.9996705055236816,0.00015848339535295963,0.0001707428164081648,0.0
0.0001490313879912719,0.9998059868812561,4.5060281991027296e-05,1.0
0.00014346525131259114,0.9997982978820801,5.818147474201396e-05,1.0
0.0001598434173502028,0.9997930526733398,4.736765185953118e-05,1.0
0.00013256072998046875,0.9998160004615784,5.135966057423502e-05,1.0
0.0002365551918046549,0.0001202403218485415,0.9996433854103088,2.0
0.00012274592882022262,0.999790608882904,8.664186316309497e-05,1.0
0.0001099467117455788,0.999819278717041,7.074296445352957e-05,1.0
0.0001333441905444488,0.9998164772987366,5.0051301514031366e-05,1.0
0.00011695822468027472,0.0001813923445297405,0.9997014999389648,2.0
0.00013833293633069843,0.9998053908348083,5.598246571025811e-05,1.0
0.00013502335059456527,0.00015857485414016992,0.9997062683105469,2.0
0.00016073968436103314,0.999793529510498,4.59004077129066e-05,1.0
0.0001051095750881359,0.9997940063476562,0.00010071117867482826,1.0
0.00014011234452482313,0.9998117089271545,4.8436864744871855e-05,1.0
0.00016050301201175898,0.9997949600219727,4.46250633103773e-05,1.0
9.619849151931703e-05,0.9998035430908203,0.00010041415953310207,1.0
0.005280405282974243,0.9536691904067993,0.041050370782613754,1.0
0.00010827558435266837,0.9997778534889221,0.00011402911331970245,1.0
0.00012565245560836047,0.999819278717041,5.502441854332574e-05,1.0
0.00010382281470810995,0.999819278717041,7.673226355109364e-05,1.0
0.00015533949772361666,0.9998001456260681,4.434011862031184e-05,1.0
0.66380375623703,0.017093507573008537,0.3191027343273163,0.0
0.00011014200572390109,0.9998212456703186,6.851498619653285e-05,1.0
