0,1,2,label
0.9999794960021973,1.2121776308049448e-05,8.23910886538215e-06,0.0
1.3297495570441242e-05,0.9999727606773376,1.4066844414628576e-05,1.0
2.08579222089611e-05,0.9999733567237854,5.966237040411215e-06,1.0
2.426951687084511e-05,0.9999709129333496,4.617117610905552e-06,1.0
3.6779606489290018e-06,3.539361614457448e-06,0.999992311000824,2.0
0.23964041471481323,0.7595398426055908,0.00081960967509076,1.0
1.242131202161545e-05,0.9999738335609436,1.4084401300351601e-05,1.0
2.0290148313506506e-05,0.9999738335609436,6.164466412883485e-06,1.0
0.21482692658901215,0.7845652103424072,0.0006079439190216362,1.0
1.7496373402536847e-05,0.9999722838401794,1.0179250239161775e-05,1.0
1.2421928659023251e-05,0.9999738335609436,1.4085584552958608e-05,1.0
0.9999790787696838,1.1331768291711342e-05,9.805547961150296e-06,0.0
0.9999794960021973,1.1807979717559647e-05,8.635887752461713e-06,0.0
1.5708284990978427e-05,0.999974250793457,9.941951248038094e-06,1.0
1.8724256733548827e-05,0.9999709129333496,1.0335311344533693e-05,1.0
1.180505205411464e-05,0.9999722838401794,1.607282320037484e-05,1.0
1.3248153663880657e-05,0.9999661445617676,2.0857802155660465e-05,1.0
0.9999809265136719,1.1993607586191501e-05,7.0148767008504365e-06,0.0
0.9999799728393555,1.3221661902207416e-05,7.063317298161564e-06,0.0
4.325203462940408e-06,3.719601636476e-06,0.999992311000824,2.0
2.1796691726194695e-05,0.9999709129333496,7.288713277375791e-06,1.0
1.5134530258364975e-05,0.9999213218688965,6.364708679029718e-05,1.0
1.2345352843112778e-05,0.9999704360961914,1.7220912923221476e-05,1.0
0.9999809265136719,1.3899699297326151e-05,4.982434802514035e-06,0.0
1.5881480067037046e-05,0.9999738335609436,1.031006013363367e-05,1.0
1.552701178297866e-05,0.9999713897705078,1.3191409379942343e-05,1.0
1.1826101399492472e-05,0.999944269657135,4.3931420805165544e-05,1.0
0.9999809265136719,1.2738086297758855e-05,6.578996817552252e-06,0.0
0.9999799728393555,1.4661756722489372e-05,5.600016720563872e-06,0.0
1.4234287846193183e-05,0.9999761581420898,9.624019185139332e-06,1.0
3.309274688945152e-05,0.9999622702598572,4.76664808957139e-06,1.0
1.4846245903754607e-05,0.9999738335609436,1.1389721294108313e-05,1.0
1.9881274056388065e-05,0.9999738335609436,6.247090823308099e-06,1.0
1.7760023183654994e-05,0.9999752044677734,7.015010851318948e-06,1.0
2.212786603195127e-05,0.9999722838401794,5.7695151554071344e-06,1.0
1.2901815352961421e-05,0.9999747276306152,1.240499932464445e-05,1.0
1.1405157238186803e-05,0.9999722838401794,1.64098364621168e-05,1.0
0.9999804496765137,1.3243342436908279e-05,6.198706614668481e-06,0.0
8.428487490164116e-06,6.799446964578237e-06,0.9999847412109375,2.0
0.9999809265136719,1.2589984180522151e-05,6.395419404725544e-06,0.0
0.9999809265136719,1.3160396520106588e-05,5.826294909638818e-06,0.0
0.9999818205833435,1.3109090104990173e-05,5.0387488954584114e-06,0.0
1.711101685941685e-05,0.9999738335609436,8.977865036285948e-06,1.0
1.7604110325919464e-05,0.9999747276306152,7.6920305218664e-06,1.0
4.947533852828201e-06,8.631919627077878e-06,0.9999865889549255,2.0
0.9999809265136719,1.217605677084066e-05,6.7366709117777646e-06,0.0
1.2879970199719537e-05,0.9999738335609436,1.3425057659333106e-05,1.0
3.221892620786093e-05,0.9999642968177795,3.826246938842814e-06,1.0
4.273541890142951e-06,3.4295214845769806e-06,0.999992311000824,2.0
0.9999804496765137,1.1999294656561688e-05,7.496823855035473e-06,0.0
4.074934167874744e-06,3.2614027531963075e-06,0.999992311000824,2.0
1.5051419723022263e-05,0.9999752044677734,9.967022378987167e-06,1.0
2.028418930422049e-05,0.9999738335609436,5.79487004870316e-06,1.0
0.9999799728393555,1.3566555935540237e-05,6.313229732768377e-06,0.0
0.9999809265136719,1.1451936188677792e-05,7.755776096018963e-06,0.0
1.589922612765804e-05,0.9999756813049316,8.725527550268453e-06,1.0
1.3518820196622983e-05,0.9999761581420898,1.0561896488070488e-05,1.0
0.9999814033508301,1.2193045222375076e-05,6.697288426948944e-06,0.0
0.9999814033508301,1.2906763004139066e-05,5.685828455170849e-06,0.0
1.2636355677386746e-05,0.9999756813049316,1.177770445792703e-05,1.0
0.9999799728393555,1.202954172185855e-05,7.815531716914847e-06,0.0
4.1521675484545995e-06,3.829813522315817e-06,0.999992311000824,2.0
2.0618988855858333e-05,0.9999733567237854,6.31808416073909e-06,1.0
0.9999809265136719,1.2130843060731422e-05,6.861310339445481e-06,0.0
0.9999799728393555,1.2963199878868181e-05,7.154692411859287e-06,0.0
3.626416628321749e-06,3.590318556234706e-06,0.999992311000824,2.0
0.9999814033508301,1.3876110642740969e-05,4.7586408982169814e-06,0.0
0.9999814033508301,1.162829630629858e-05,6.919622592249652e-06,0.0
1.4641803318227176e-05,0.9999747276306152,1.0449076398799662e-05,1.0
1.242131202161545e-05,0.9999738335609436,1.4084401300351601e-05,1.0
2.4833019779180177e-05,0.999969482421875,5.583490292337956e-06,1.0
3.6531723708321806e-06,3.6074382023798535e-06,0.999992311000824,2.0
1.4663881302112713e-05,0.9999756813049316,9.749516721058171e-06,1.0
1.2189033441245556e-05,0.999969482421875,1.858910582086537e-05,1.0
3.626005081969197e-06,3.557863010428264e-06,0.9999933838844299,2.0
0.9999814033508301,1.254043399967486e-05,6.245828444662038e-06,0.0
0.9999799728393555,1.26650083984714e-05,7.279966666828841e-06,0.0
0.9999814033508301,1.2239215720910579e-05,6.434383521991549e-06,0.0
0.9999786019325256,1.7294958524871618e-05,4.393005838210229e-06,0.0
2.7927784685743973e-05,0.9999656677246094,6.667698471574113e-06,1.0
1.4856813322694506e-05,0.9999761581420898,9.072593456949107e-06,1.0
1.4699304301757365e-05,0.9999761581420898,9.42449059948558e-06,1.0
0.9999770522117615,1.0461850251886062e-05,1.2318362678342965e-05,0.0
2.298486651852727e-05,0.9999718070030212,5.106941443955293e-06,1.0
1.2613213584700134e-05,0.9999738335609436,1.3521916116587818e-05,1.0
0.9999814033508301,1.466834237362491e-05,4.1287444219051395e-06,0.0
0.9999804496765137,1.186598001368111e-05,7.842127160984091e-06,0.0
4.187372269370826e-06,3.384382125659613e-06,0.999992311000824,2.0
1.9190276361769065e-05,0.999969482421875,1.1574778000067454e-05,1.0
1.6111544027808122e-05,0.999974250793457,9.511461939837318e-06,1.0
7.35794583306415e-06,8.412554961978458e-06,0.9999842643737793,2.0
0.9999809265136719,1.3448456229525618e-05,5.8636201174522284e-06,0.0
0.9999804496765137,1.2709873772109859e-05,6.624238721997244e-06,0.0
1.963427166629117e-05,0.9999738335609436,6.479983312601689e-06,1.0
3.899890089087421e-06,3.4884419619629625e-06,0.999992311000824,2.0
2.7588705052039586e-05,0.9999681115150452,4.32741535405512e-06,1.0
1.679299384704791e-05,0.9999756813049316,7.61849878472276e-06,1.0
4.814865314983763e-05,0.999949038028717,3.0636199426226085e-06,1.0
0.9999786019325256,1.2138781130488496e-05,9.452465747017413e-06,0.0
0.9999809265136719,1.1602485756156966e-05,7.543375886598369e-06,0.0
2.3275928469956852e-05,0.9999713897705078,5.417338343249867e-06,1.0
0.9999809265136719,1.3446468983602244e-05,5.722967671317747e-06,0.0
1.3856790246791206e-05,0.9999752044677734,1.0835920875251759e-05,1.0
1.4428197573579382e-05,0.999974250793457,1.1161396287207026e-05,1.0
0.9999814033508301,1.257437361346092e-05,6.033019872120349e-06,0.0
0.9999804496765137,1.2359782886051107e-05,7.440924491675105e-06,0.0
1.574705856910441e-05,0.9999733567237854,1.1065120816056151e-05,1.0
1.490625709266169e-05,0.999974250793457,1.0885926712944638e-05,1.0
2.1681029465980828e-05,0.9999718070030212,6.326042239379603e-06,1.0
4.301030003261985e-06,3.9895912777865306e-06,0.9999913573265076,2.0
3.722618203028105e-06,3.4845652407966554e-06,0.9999933838844299,2.0
1.5144433746172581e-05,0.9999213218688965,6.370914343278855e-05,1.0
1.566013634146657e-05,0.9999747276306152,9.802957720239647e-06,1.0
5.341315954865422e-06,6.779982413718244e-06,0.9999875426292419,2.0
3.7863285342609743e-06,3.5628813748189714e-06,0.999992311000824,2.0
3.7111649362486787e-06,3.4886249977716943e-06,0.9999933838844299,2.0
2.0184965251246467e-05,0.9999738335609436,6.023281002853764e-06,1.0
0.9999804496765137,1.1610841283982154e-05,8.179351425496861e-06,0.0
0.9999799728393555,1.2236811016919091e-05,7.603937774547376e-06,0.0
0.9999747276306152,2.0318788301665336e-05,5.185257577977609e-06,0.0
0.9999790787696838,1.23771696962649e-05,8.43352154333843e-06,0.0
2.551358011260163e-05,0.999969482421875,5.20054027219885e-06,1.0
1.1534832992765587e-05,0.999969482421875,1.8980579625349492e-05,1.0
0.9999804496765137,1.2714238437183667e-05,7.00177679391345e-06,0.0
3.621634823502973e-05,0.9999599456787109,3.985232979175635e-06,1.0
0.9999794960021973,1.3539258361561224e-05,6.783895514672622e-06,0.0
1.927148514369037e-05,0.9999738335609436,7.093221483955858e-06,1.0
0.9999799728393555,1.2170286936452612e-05,7.951399311423302e-06,0.0
0.9999804496765137,1.2542980584839825e-05,7.006532541709021e-06,0.0
1.635453008930199e-05,0.9999747276306152,8.98247253644513e-06,1.0
1.840928234742023e-05,0.9999747276306152,7.087541689543286e-06,1.0
3.837480562651763e-06,3.4303620850550942e-06,0.999992311000824,2.0
3.9949709389475174e-06,3.4901727303804364e-06,0.999992311000824,2.0
2.411719469819218e-05,0.9999699592590332,5.8274399634683505e-06,1.0
0.9999809265136719,1.367599907098338e-05,5.490298462973442e-06,0.0
1.272137069463497e-05,0.9999733567237854,1.4166846085572615e-05,1.0
3.287588697276078e-05,0.9999622702598572,4.726600309368223e-06,1.0
2.1243684386718087e-05,0.9999727606773376,5.9451758716022596e-06,1.0
0.9999804496765137,1.268259347853018e-05,7.181955425039632e-06,0.0
1.4125309462542646e-05,0.9999756813049316,1.0544827091507614e-05,1.0
4.817600256501464e-06,4.652251845982391e-06,0.9999904632568359,2.0
2.006862632697448e-05,0.9999733567237854,6.826104709034553e-06,1.0
0.9999790787696838,1.2423469343048055e-05,8.770578460826073e-06,0.0
1.427986535418313e-05,0.9999756813049316,9.933003639162052e-06,1.0
1.1195124898222275e-05,0.9999727606773376,1.616579720575828e-05,1.0
1.4517720046569593e-05,0.9999752044677734,1.0283105439157225e-05,1.0
0.9999804496765137,1.2581377632159274e-05,6.957671757845674e-06,0.0
2.1956462660455145e-05,0.9999713897705078,6.546770237036981e-06,1.0
0.9999799728393555,1.1731463018804789e-05,8.305329174618237e-06,0.0
1.8931697923108004e-05,0.999974250793457,6.646012479905039e-06,1.0
0.9999804496765137,1.3685091289517004e-05,5.841929578309646e-06,0.0
0.9999804496765137,1.1912808986380696e-05,7.607442057633307e-06,0.0
4.044657544000074e-06,3.576253220671788e-06,0.999992311000824,2.0
0.9999804496765137,1.2150526345067192e-05,7.346901838900521e-06,0.0
4.2457395466044545e-06,3.5885182114725467e-06,0.999992311000824,2.0
1.7473545085522346e-05,0.9999747276306152,7.88161651144037e-06,1.0
1.5226023606373928e-05,0.9999752044677734,9.377395144838374e-06,1.0
0.9999818205833435,1.1777692634495907e-05,6.420009412977379e-06,0.0
3.507108885969501e-06,3.621066980485921e-06,0.9999933838844299,2.0
6.283578113652766e-05,0.9999290108680725,8.224938937928528e-06,1.0
3.9603128243470564e-05,0.9999566078186035,4.024591817142209e-06,1.0
1.6366871932405047e-05,0.9999752044677734,8.456110663246363e-06,1.0
0.9999809265136719,1.2759898709191475e-05,6.446009592764312e-06,0.0
0.9999818205833435,1.3164326446712948e-05,5.143080670677591e-06,0.0
1.5830853953957558e-05,0.9999747276306152,9.497936844127253e-06,1.0
1.957265158125665e-05,0.999974250793457,6.1803843891539145e-06,1.0
0.9999794960021973,1.2307512406550813e-05,8.319289918290451e-06,0.0
0.9999818205833435,1.2378681276459247e-05,5.981014965072973e-06,0.0
3.8460170799226034e-06,3.4991844586329535e-06,0.999992311000824,2.0
1.821354089770466e-05,0.9999722838401794,9.362909622723237e-06,1.0
1.2057050298608374e-05,0.999964714050293,2.3473252440453507e-05,1.0
0.9999786019325256,1.2626501302293036e-05,8.71597967488924e-06,0.0
0.00010916977771557868,0.9998783469200134,1.2586969205585774e-05,1.0
0.9999814033508301,1.2513971341832075e-05,6.205632416822482e-06,0.0
1.7315967852482572e-05,0.9999761581420898,6.852435490145581e-06,1.0
2.2488637114292942e-05,0.9999727606773376,4.896869540971238e-06,1.0
1.3965270227345172e-05,0.9999752044677734,1.096306641557021e-05,1.0
0.9999809265136719,1.1876872122229543e-05,7.014669790805783e-06,0.0
0.9999794960021973,1.2375648111628834e-05,7.975739208632149e-06,0.0
0.9999809265136719,1.2548437553050462e-05,6.528159701701952e-06,0.0
4.287096089683473e-05,0.9999538064002991,3.508058853185503e-06,1.0
1.5669251297367737e-05,0.9999727606773376,1.1431628990976606e-05,1.0
1.587569568073377e-05,0.999976634979248,7.738680324109737e-06,1.0
1.461276042391546e-05,0.9999756813049316,9.905947990773711e-06,1.0
1.1425155207689386e-05,0.9999722838401794,1.6094805687316693e-05,1.0
3.7701108794863103e-06,3.4612155559443636e-06,0.999992311000824,2.0
0.9999809265136719,1.3121172742103226e-05,6.097944151406409e-06,0.0
3.7811039419466397e-06,3.559458036761498e-06,0.999992311000824,2.0
1.7463515177951194e-05,0.9999756813049316,7.118967459973646e-06,1.0
2.213886364188511e-05,0.9999718070030212,5.951734237896744e-06,1.0
1.4457328688877169e-05,0.9999756813049316,1.0019945875683334e-05,1.0
0.9999814033508301,1.2293282452446874e-05,6.381905677699251e-06,0.0
0.9999818205833435,1.2048233656969387e-05,6.200752523000119e-06,0.0
1.3520097127184272e-05,0.999974250793457,1.2156668162788264e-05,1.0
3.685393494379241e-06,3.5562177345127566e-06,0.999992311000824,2.0
2.0530007532215677e-05,0.9999733567237854,6.0763145484088454e-06,1.0
4.123715370951686e-06,3.4135130135837244e-06,0.999992311000824,2.0
0.999969482421875,2.5221050236723386e-05,5.185712325328495e-06,0.0
1.5794359569554217e-05,0.9999752044677734,9.23658262763638e-06,1.0
0.9999790787696838,1.2338384294707794e-05,8.859335139277391e-06,0.0
1.8637674656929448e-05,0.9999747276306152,6.631652922806097e-06,1.0
1.6544108802918345e-05,0.9999752044677734,8.494001122016925e-06,1.0
1.7307300367974676e-05,0.9999738335609436,9.028660315379966e-06,1.0
2.3325213987845927e-05,0.999964714050293,1.1942156561417505e-05,1.0
2.5511975763947703e-05,0.9999699592590332,4.659502792492276e-06,1.0
0.9999794960021973,1.1400599760236219e-05,8.907913070288487e-06,0.0
0.9999818205833435,1.2393352335493546e-05,6.010880497342441e-06,0.0
0.9999804496765137,1.3049467270320747e-05,6.568271146534244e-06,0.0
0.9999809265136719,1.2381030501273926e-05,6.728035259584431e-06,0.0
1.6479845726280473e-05,0.9999747276306152,8.731170964892954e-06,1.0
1.3080841199553106e-05,0.9999727606773376,1.4173521776683629e-05,1.0
0.9999809265136719,1.2306820281082764e-05,6.94571190251736e-06,0.0
0.9999814033508301,1.2272245839994866e-05,6.340520030789776e-06,0.0
2.0214918549754657e-05,0.9999738335609436,6.081711944716517e-06,1.0
1.2963644621777348e-05,0.9999756813049316,1.1558564438018948e-05,1.0
0.9999809265136719,1.2457328921300359e-05,6.499069513665745e-06,0.0
0.9999809265136719,1.1929783795494586e-05,7.368106253125006e-06,0.0
3.7447014165081782e-06,3.6974686281610047e-06,0.999992311000824,2.0
1.954940853465814e-05,0.9999747276306152,5.847564807481831e-06,1.0
3.685320052682073e-06,3.788351023104042e-06,0.999992311000824,2.0
4.2504165321588516e-05,0.9999542832374573,3.297572447991115e-06,1.0
0.9999809265136719,1.1841314517369028e-05,7.426950105582364e-06,0.0
0.9999799728393555,1.189776503451867e-05,8.20330205897335e-06,0.0
1.2751602298521902e-05,0.999969482421875,1.7666758139966987e-05,1.0
1.639037873246707e-05,0.9999752044677734,8.422067367064301e-06,1.0
1.7310238035861403e-05,0.9999690651893616,1.3993855645821895e-05,1.0
2.1472031221492216e-05,0.9999727606773376,5.842481641593622e-06,1.0
1.963155773410108e-05,0.9999727606773376,7.4480235525697935e-06,1.0
1.4616522094001994e-05,0.9999756813049316,9.534346645523328e-06,1.0
2.5441686375415884e-05,0.999969482421875,5.2082978072576225e-06,1.0
0.9999814033508301,1.3447802302835044e-05,5.0075150284101255e-06,0.0
1.6474408766953275e-05,0.9999752044677734,8.286839147331193e-06,1.0
2.1311967429937795e-05,0.9999727606773376,6.1336386352195404e-06,1.0
0.0002553769445512444,0.9997410774230957,3.5742928048421163e-06,1.0
2.3728554879198782e-05,0.9999709129333496,5.349395905795973e-06,1.0
1.739198160066735e-05,0.9999756813049316,7.123544492060319e-06,1.0
1.879901174106635e-05,0.9999747276306152,6.349978775688214e-06,1.0
0.9999799728393555,1.2444528692867607e-05,7.862659913371317e-06,0.0
2.48261058004573e-05,0.9999699592590332,5.358269845601171e-06,1.0
1.6589785445830785e-05,0.9999747276306152,8.855659871187527e-06,1.0
1.6196969227166846e-05,0.9999756813049316,7.961171831993852e-06,1.0
3.142075365758501e-05,0.999964714050293,3.7761851672257762e-06,1.0
0.9999770522117615,1.2087352843082044e-05,1.0994046533596702e-05,0.0
0.9999790787696838,1.3111465705151204e-05,7.866425221436657e-06,0.0
0.9999809265136719,1.2588098798005376e-05,6.507752914330922e-06,0.0
0.9999786019325256,1.1969475053774659e-05,9.38721132115461e-06,0.0
2.9939061278128065e-05,6.315029622783186e-06,0.9999638199806213,2.0
1.7360363926854916e-05,0.9999752044677734,7.4124804996245075e-06,1.0
0.9999804496765137,1.247608906851383e-05,6.913534434715984e-06,0.0
6.924933404661715e-05,0.9999270439147949,3.807010671152966e-06,1.0
0.9999818205833435,1.2085323760402389e-05,6.279105946305208e-06,0.0
0.9999786019325256,1.3368434338190127e-05,8.269660611404106e-06,0.0
1.6016150766517967e-05,0.9999756813049316,8.63890272739809e-06,1.0
2.8728014513035305e-05,0.9999666213989258,4.478402388485847e-06,1.0
2.0191027942928486e-05,0.999969482421875,1.0430040674691554e-05,1.0
1.9887096641468816e-05,0.9999738335609436,6.2567737586505245e-06,1.0
0.9999818205833435,1.2593311112141237e-05,5.74446357859415e-06,0.0
0.9999809265136719,1.233587863680441e-05,6.661489351245109e-06,0.0
1.4728436326549854e-05,0.9999756813049316,9.672990017861594e-06,1.0
0.9999804496765137,1.390817305946257e-05,5.62292098038597e-06,0.0
1.280792184843449e-05,0.999974250793457,1.3206816220190376e-05,1.0
3.9062365431163926e-06,3.4075219446094707e-06,0.999992311000824,2.0
1.7560983906150796e-05,0.9999752044677734,7.319347332668258e-06,1.0
3.5694522466656053e-06,3.581516011763597e-06,0.9999933838844299,2.0
3.6756916870217538e-06,3.5179421047359938e-06,0.9999933838844299,2.0
0.9999809265136719,1.1637248462648131e-05,7.2970792643900495e-06,0.0
3.581021019272157e-06,3.627118758231518e-06,0.9999933838844299,2.0
0.9999804496765137,1.3135596418578643e-05,6.297457275650231e-06,0.0
2.061314989987295e-05,0.9999733567237854,6.052821390767349e-06,1.0
1.3534210665966384e-05,0.999974250793457,1.2053210411977489e-05,1.0
1.4254774214350618e-05,0.9999699592590332,1.5956507922965102e-05,1.0
2.2406240532291122e-05,0.9999718070030212,5.797318408440333e-06,1.0
0.9999818205833435,1.1990358871116769e-05,6.2115536820783745e-06,0.0
0.9999814033508301,1.215284373756731e-05,6.563886927324347e-06,0.0
1.3767667041975074e-05,0.9999752044677734,1.1107960744993761e-05,1.0
1.1419413567637093e-05,0.9999585747718811,2.994040187331848e-05,1.0
3.6176427329337457e-06,3.5443028991721803e-06,0.9999933838844299,2.0
1.9948507542721927e-05,0.9999747276306152,5.560752015298931e-06,1.0
0.9999809265136719,1.2839523151342291e-05,6.445093731599627e-06,0.0
6.921378826518776e-06,7.25044355931459e-06,0.9999856948852539,2.0
1.5109998457774054e-05,0.9999752044677734,9.744153430801816e-06,1.0
1.7745767763699405e-05,0.9999709129333496,1.138477000495186e-05,1.0
1.3694752851733938e-05,0.999974250793457,1.2046361007378437e-05,1.0
3.823507540801074e-06,3.510625901981257e-06,0.999992311000824,2.0
3.638499492808478e-06,3.5350133202882716e-06,0.9999933838844299,2.0
0.9999799728393555,1.2783613783540204e-05,7.109082162060076e-06,0.0
2.6618778065312654e-05,0.9999690651893616,4.261617050360655e-06,1.0
0.9999799728393555,1.2272618732822593e-05,7.5779639701067936e-06,0.0
1.2700736988335848e-05,0.9999738335609436,1.3649638276547194e-05,1.0
3.9386836760968436e-06,3.5961477351520443e-06,0.999992311000824,2.0
1.7209666111739352e-05,0.9999722838401794,1.0496957656869199e-05,1.0
0.9999794960021973,1.5812913261470385e-05,4.702725618699333e-06,0.0
0.9999804496765137,1.3540807231038343e-05,5.986104952171445e-06,0.0
0.9999799728393555,1.187003272207221e-05,8.25543702376308e-06,0.0
3.757648073587916e-06,3.539094905136153e-06,0.999992311000824,2.0
2.6488516596145928e-05,0.999964714050293,8.736767995287664e-06,1.0
2.4683160518179648e-05,0.9999704360961914,4.937065114063444e-06,1.0
3.6253031794331037e-06,3.609991608755081e-06,0.999992311000824,2.0
1.801730104489252e-05,0.9999738335609436,8.058518687903415e-06,1.0
0.9999804496765137,1.1735021871572826e-05,8.038363375817426e-06,0.0
3.5765669963438995e-06,3.6553396967065055e-06,0.999992311000824,2.0
1.2533618246379774e-05,0.9999722838401794,1.5037846424093004e-05,1.0
0.9999809265136719,1.4623842616856564e-05,4.665452252083924e-06,0.0
0.9999814033508301,1.3724458767683245e-05,5.0778803597495425e-06,0.0
1.0696022400225047e-05,0.9999642968177795,2.487957499397453e-05,1.0
3.851436486002058e-05,0.9999585747718811,3.2570478651905432e-06,1.0
0.9999818205833435,1.2806944141630083e-05,5.428477379609831e-06,0.0
4.240737780492054e-06,3.5337764074938605e-06,0.999992311000824,2.0
3.733579205800197e-06,3.636244855442783e-06,0.999992311000824,2.0
3.90368586522527e-06,3.4331339975324227e-06,0.999992311000824,2.0
1.6243144273175858e-05,0.9999756813049316,7.996867680049036e-06,1.0
3.914705757779302e-06,3.458562559899292e-06,0.999992311000824,2.0
1.6623202100163326e-05,0.9999756813049316,7.804092092555948e-06,1.0
1.276520561077632e-05,0.9999747276306152,1.2347084521024954e-05,1.0
4.203222124488093e-05,0.9999518394470215,6.182488959893817e-06,1.0
0.9999809265136719,1.1388787243049592e-05,7.859249308239669e-06,0.0
0.9999809265136719,1.214931944559794e-05,7.159818323998479e-06,0.0
0.9999790787696838,1.554057962493971e-05,5.576173407462193e-06,0.0
1.4182715858623851e-05,0.9999704360961914,1.552647700009402e-05,1.0
2.293321449542418e-05,0.9999718070030212,5.122189122630516e-06,1.0
0.9999814033508301,1.3022451639699284e-05,5.438509560917737e-06,0.0
5.7443237892584875e-05,0.999939501285553,2.922674639194156e-06,1.0
2.1764953999081627e-05,0.9999722838401794,5.711812264053151e-06,1.0
0.9999799728393555,1.209687707159901e-05,8.212962711695582e-06,0.0
0.9999809265136719,1.198835889226757e-05,6.8812310018984135e-06,0.0
1.3411850886768661e-05,0.9999752044677734,1.1439600712037645e-05,1.0
1.5091276509338059e-05,0.999974250793457,1.0776683666335884e-05,1.0
0.9999809265136719,1.3340085388335865e-05,5.830252575833583e-06,0.0
0.9999804496765137,1.5168182471825276e-05,4.62986918137176e-06,0.0
6.68251232127659e-06,7.109719263098668e-06,0.9999865889549255,2.0
1.1019711564586032e-05,0.9999722838401794,1.6804624465294182e-05,1.0
0.9999794960021973,1.586153121024836e-05,4.534141226031352e-06,0.0
1.1540631930984091e-05,0.9999675154685974,2.1063373424112797e-05,1.0
1.6223095371969976e-05,0.9999756813049316,8.139975761878304e-06,1.0
0.9999814033508301,1.2909631550428458e-05,5.612565018964233e-06,0.0
0.9999727606773376,2.0447569113457575e-05,6.834103260189295e-06,0.0
1.7972697605728172e-05,0.9999756813049316,6.587579719052883e-06,1.0
0.9999809265136719,1.2876691471319646e-05,6.1218988776090555e-06,0.0
2.37423628277611e-05,0.9999709129333496,5.306500952428905e-06,1.0
2.7656855309032835e-05,0.9999666213989258,5.923252047068672e-06,1.0
1.4162104889692273e-05,0.9999761581420898,9.672501619206741e-06,1.0
0.9999804496765137,1.2001765753666405e-05,7.525095952587435e-06,0.0
0.9999804496765137,1.345217606285587e-05,5.938619779044529e-06,0.0
1.4487237422144972e-05,0.9999756813049316,9.690561455499846e-06,1.0
1.5178586181718856e-05,0.9999738335609436,1.098942357202759e-05,1.0
1.8214495867141522e-05,0.9999722838401794,9.363749086332973e-06,1.0
3.856046987493755e-06,3.450543999861111e-06,0.999992311000824,2.0
4.223789801471867e-06,3.6010519579576794e-06,0.999992311000824,2.0
0.9999814033508301,1.178303955384763e-05,6.759001280443044e-06,0.0
0.9999809265136719,1.362274542771047e-05,5.376359240472084e-06,0.0
0.9999809265136719,1.2436817087291274e-05,6.92396633894532e-06,0.0
0.9999814033508301,1.1626953892118763e-05,6.892264536872972e-06,0.0
3.861382992909057e-06,3.47102968589752e-06,0.999992311000824,2.0
1.9867080482072197e-05,0.9999738335609436,6.143421614979161e-06,1.0
1.58917682711035e-05,0.9999756813049316,8.327036994160153e-06,1.0
0.9999809265136719,1.3185171155782882e-05,5.778363629360683e-06,0.0
0.9999818205833435,1.2245624930073973e-05,6.108805791882332e-06,0.0
1.7998734620050527e-05,0.9999756813049316,6.5034655563067645e-06,1.0
1.3882571693102363e-05,0.9999747276306152,1.1333097972965334e-05,1.0
1.4227408428268973e-05,0.9999727606773376,1.2917008461954538e-05,1.0
4.396578879095614e-05,0.9999522566795349,3.881830252794316e-06,1.0
1.7768730685929768e-05,0.9999747276306152,7.584166723972885e-06,1.0
1.875973612186499e-05,0.999974250793457,6.876717634440865e-06,1.0
0.9999818205833435,1.243787210114533e-05,5.657437213812955e-06,0.0
1.5863708540564403e-05,0.9999761581420898,7.935081157484092e-06,1.0
5.6529283938289154e-06,3.587402716220822e-06,0.9999904632568359,2.0
3.7274990063451696e-06,3.527698709149263e-06,0.999992311000824,2.0
3.881016255036229e-06,3.46296565112425e-06,0.999992311000824,2.0
2.5732109861564822e-05,0.9999699592590332,4.377607183414511e-06,1.0
1.563813930260949e-05,0.999974250793457,1.024595712806331e-05,1.0
1.3857305930287112e-05,0.9999752044677734,1.0853430467250291e-05,1.0
4.141940280533163e-06,3.62360583494592e-06,0.999992311000824,2.0
1.84080872713821e-05,0.9999752044677734,6.597103947569849e-06,1.0
0.9999527335166931,4.0965383959701285e-05,6.110576578066684e-06,0.0
2.1527290300582536e-05,0.9999675154685974,1.0853802450583316e-05,1.0
0.9999804496765137,1.5334750059992075e-05,4.450498636288103e-06,0.0
0.9999809265136719,1.2247667655174155e-05,6.657925951003563e-06,0.0
1.7432566892239265e-05,0.9999752044677734,7.402292794722598e-06,1.0
1.1073269888584036e-05,0.9999685883522034,2.0457029677345417e-05,1.0
1.5300696759368293e-05,0.9999761581420898,8.577104381402023e-06,1.0
0.9999814033508301,1.2822330972994678e-05,5.611227152257925e-06,0.0
0.9999814033508301,1.2449620953702834e-05,6.163991201901808e-06,0.0
0.9999799728393555,1.2419939594110474e-05,7.5180446401645895e-06,0.0
1.3336471965885721e-05,0.999974250793457,1.2550520295917522e-05,1.0
0.9999790787696838,1.2088574294466525e-05,9.006146683532279e-06,0.0
1.8299391740583815e-05,0.9999752044677734,6.4283540268661454e-06,1.0
2.294362820975948e-05,0.9999713897705078,5.570581834035693e-06,1.0
3.601677008191473e-06,3.570493845472811e-06,0.9999933838844299,2.0
0.9999814033508301,1.3296582437760662e-05,5.108929144626018e-06,0.0
1.3462469723890536e-05,0.9999752044677734,1.1326938874844927e-05,1.0
1.787332075764425e-05,0.9999752044677734,7.136198746593436e-06,1.0
1.580932439537719e-05,0.9999756813049316,8.441583304374944e-06,1.0
0.9999799728393555,1.3088790183246601e-05,6.766625119780656e-06,0.0
0.9999814033508301,1.2249771316419356e-05,6.454923095589038e-06,0.0
4.038116912852274e-06,3.371811317265383e-06,0.999992311000824,2.0
1.2143980711698532e-05,0.999974250793457,1.3855364159098826e-05,1.0
3.001805453095585e-05,0.9999638199806213,6.322502031252952e-06,1.0
0.9999747276306152,2.1586743969237432e-05,3.774287051783176e-06,0.0
1.1065058060921729e-05,0.9999675154685974,2.1272229787427932e-05,1.0
0.9999818205833435,1.2640886779990979e-05,5.7689981076691765e-06,0.0
1.767575668054633e-05,0.9999752044677734,7.224243745440617e-06,1.0
0.9999818205833435,1.1881403224833775e-05,6.474189376604045e-06,0.0
4.843157512368634e-06,3.7081365462654503e-06,0.9999913573265076,2.0
2.1290677977958694e-05,0.9999727606773376,5.842709470016416e-06,1.0
2.4351847969228402e-05,0.9999704360961914,5.079110906081041e-06,1.0
3.7581783089990495e-06,3.504621417960152e-06,0.999992311000824,2.0
0.9999814033508301,1.2411200259521138e-05,6.2591489040642045e-06,0.0
0.9999818205833435,1.170447558251908e-05,6.562986072822241e-06,0.0
1.906484794744756e-05,0.9999727606773376,7.94334937381791e-06,1.0
1.2184501429146621e-05,0.9999699592590332,1.7897711586556397e-05,1.0
1.8667273252503946e-05,0.9999747276306152,6.6189909375680145e-06,1.0
2.512361061235424e-05,0.9999690651893616,5.675838110619225e-06,1.0
1.7667432985035703e-05,0.9999752044677734,7.0657561082043685e-06,1.0
8.866759162629023e-05,0.9999027252197266,8.724562576389872e-06,1.0
1.2421928659023251e-05,0.9999738335609436,1.4085584552958608e-05,1.0
1.355641597911017e-05,0.9999727606773376,1.3859103091817815e-05,1.0
0.9999809265136719,1.2378315659589134e-05,6.812467290728819e-06,0.0
1.654516745475121e-05,0.9999752044677734,8.105689630610868e-06,1.0
0.9999809265136719,1.2519880328909494e-05,6.582555215572938e-06,0.0
0.9999809265136719,1.2104540473956149e-05,6.774644589313539e-06,0.0
4.337405698606744e-06,3.7842130495846504e-06,0.999992311000824,2.0
0.9999799728393555,1.308111495745834e-05,7.00332611813792e-06,0.0
0.9999814033508301,1.2386770322336815e-05,6.311405286396621e-06,0.0
3.81869358534459e-06,3.443975629124907e-06,0.999992311000824,2.0
1.4436292076425161e-05,0.999974250793457,1.1298198842268903e-05,1.0
1.936965600179974e-05,0.9999747276306152,6.10991264693439e-06,1.0
0.6506983041763306,0.3390023410320282,0.010299413464963436,0.0
3.7187469388300087e-06,3.7644163057848345e-06,0.999992311000824,2.0
0.9999804496765137,1.1743686627596617e-05,8.003298717085272e-06,0.0
1.7858224964584224e-05,0.9999747276306152,7.238532816700172e-06,1.0
1.5596348021063022e-05,0.9999756813049316,8.94977438292699e-06,1.0
0.9999804496765137,1.3316759577719495e-05,6.17214345766115e-06,0.0
4.459666797629325e-06,4.221152266836725e-06,0.9999913573265076,2.0
0.9999818205833435,1.1840230399684515e-05,6.574725375685375e-06,0.0
3.882446981151588e-05,0.9999566078186035,4.801327122549992e-06,1.0
1.7761632989277132e-05,0.9999747276306152,7.401869424938923e-06,1.0
1.894298657134641e-05,0.999974250793457,6.9915681706334e-06,1.0
0.0005432310281321406,0.9994475245475769,9.16252702154452e-06,1.0
1.611593870620709e-05,0.9999761581420898,7.960093171277549e-06,1.0
0.9999809265136719,1.228494966198923e-05,6.653806394751882e-06,0.0
4.051494670420652e-06,4.113954219064908e-06,0.999992311000824,2.0
1.9550527213141322e-05,2.919232974818442e-05,0.9999513626098633,2.0
1.5153968888625968e-05,0.9999738335609436,1.1300116966594942e-05,1.0
0.9999814033508301,1.25458409456769e-05,6.146492523839697e-06,0.0
3.6643411931436276e-06,3.493056055958732e-06,0.9999933838844299,2.0
0.9999809265136719,1.3230464901425876e-05,6.0716283769579604e-06,0.0
1.647428325668443e-05,0.9999752044677734,8.555242857255507e-06,1.0
0.9999775290489197,1.5245232134475373e-05,7.303889105969574e-06,0.0
2.353785930608865e-05,0.999849259853363,0.0001274347596336156,1.0
0.9999818205833435,1.2079194675607141e-05,6.167265837575542e-06,0.0
1.1295644981146324e-05,0.9999627470970154,2.5942241336451843e-05,1.0
1.4699880011903588e-05,0.9999752044677734,1.0200376891589258e-05,1.0
0.9999733567237854,1.5993300621630624e-05,1.0601455869618803e-05,0.0
0.9999804496765137,1.1787299627030734e-05,7.85458178143017e-06,0.0
0.9999799728393555,1.1753960279747844e-05,8.149817404046189e-06,0.0
0.9999804496765137,1.2569156751851551e-05,6.939832474017749e-06,0.0
1.4179511708789505e-05,0.9999756813049316,1.0037639185611624e-05,1.0
1.4463686056842562e-05,0.9999761581420898,9.646532816987019e-06,1.0
7.388772701233393e-06,1.2693944881903008e-05,0.9999799728393555,2.0
4.934203843731666e-06,3.7291988519427832e-06,0.9999913573265076,2.0
0.9999814033508301,1.2580201655509882e-05,5.880655862711137e-06,0.0
0.9999814033508301,1.2848122423747554e-05,5.982971288176486e-06,0.0
1.3261719686852302e-05,0.9999756813049316,1.1256459401920438e-05,1.0
3.692746759043075e-06,3.4881193187175086e-06,0.9999933838844299,2.0
0.9999799728393555,1.1387897757231258e-05,8.550381608074531e-06,0.0
1.5295736375264823e-05,0.9999756813049316,9.158237844530959e-06,1.0
0.9999804496765137,1.2438216799637303e-05,7.198056209745118e-06,0.0
0.9999794960021973,1.1700970389938448e-05,8.798710950941313e-06,0.0
1.2743225852318574e-05,0.9999722838401794,1.494879415986361e-05,1.0
3.6323665426607477e-06,3.5838529583998024e-06,0.999992311000824,2.0
0.9999809265136719,1.4318566172732972e-05,4.896313839708455e-06,0.0
1.505242380517302e-05,0.999974250793457,1.058322231983766e-05,1.0
3.7056870496599004e-06,3.4717547805485083e-06,0.9999933838844299,2.0
1.8634989828569815e-05,0.9999738335609436,7.460898359568091e-06,1.0
0.9999790787696838,1.656818676565308e-05,4.347846243035747e-06,0.0
0.9999809265136719,1.345550026599085e-05,5.695726940757595e-06,0.0
1.3892756214772817e-05,0.9999761581420898,1.0002387170970906e-05,1.0
4.40846270066686e-06,3.554105433067889e-06,0.999992311000824,2.0
1.2397726095514372e-05,0.9999733567237854,1.4394594472832978e-05,1.0
0.9999770522117615,1.7889589798869565e-05,4.98832105222391e-06,0.0
1.6760226571932435e-05,0.9999752044677734,7.881218152760994e-06,1.0
1.3319186109583825e-05,0.9999752044677734,1.1383402124920394e-05,1.0
2.0222785678924993e-05,0.999974250793457,5.565526862483239e-06,1.0
7.861633093853015e-06,5.3982457757228985e-06,0.9999865889549255,2.0
0.9999814033508301,1.2813016837753821e-05,5.9059802879346535e-06,0.0
1.3968587154522538e-05,0.9999718070030212,1.4037162145541515e-05,1.0
1.6210075045819394e-05,0.9999756813049316,8.277882443508133e-06,1.0
0.9999814033508301,1.2417617654136848e-05,6.030638360243756e-06,0.0
0.9999809265136719,1.344671272818232e-05,5.680191861756612e-06,0.0
1.9491288185236044e-05,0.9999747276306152,5.740640972362598e-06,1.0
1.6855488865985535e-05,0.999974250793457,8.806391633697785e-06,1.0
2.144219797628466e-05,0.9999718070030212,6.514993401651736e-06,1.0
0.9999814033508301,1.1617532436503097e-05,7.1727422437106725e-06,0.0
2.1339526938390918e-05,0.9999733567237854,5.513269570656121e-06,1.0
2.267022864543833e-05,0.9999722838401794,5.151440291228937e-06,1.0
0.9999786019325256,1.8299233488505706e-05,3.263947974119219e-06,0.0
0.9999804496765137,1.3586974091595039e-05,5.91327307120082e-06,0.0
0.9999804496765137,1.3339525139599573e-05,6.267810022109188e-06,0.0
0.9999799728393555,1.1464328053989448e-05,8.650369636598043e-06,0.0
4.835717390960781e-06,3.5316099911142373e-06,0.9999913573265076,2.0
1.8806040316121653e-05,2.1976551579427905e-05,0.9999594688415527,2.0
1.623344905965496e-05,0.9999718070030212,1.179807532025734e-05,1.0
0.9999804496765137,1.2234103451191913e-05,7.283932063728571e-06,0.0
0.9999752044677734,1.2945446542289574e-05,1.188332953461213e-05,0.0
0.9999814033508301,1.2871731087216176e-05,5.7608835959399585e-06,0.0
0.9999794960021973,1.2540673196781427e-05,8.00868929218268e-06,0.0
0.999976634979248,1.9054850781685673e-05,4.329247985879192e-06,0.0
2.6488034563953988e-05,0.9999604225158691,1.3096942893753294e-05,1.0
0.9999814033508301,1.2433175470505375e-05,6.466950708272634e-06,0.0
4.941846327710664e-06,4.0795071072352584e-06,0.9999913573265076,2.0
1.1698448361130431e-05,0.9999718070030212,1.6530482753296383e-05,1.0
2.3660652004764415e-05,0.9999709129333496,5.523447725863662e-06,1.0
0.9999794960021973,1.2462580343708396e-05,8.177448762580752e-06,0.0
1.3804242371406872e-05,0.9999747276306152,1.1585954780457541e-05,1.0
0.9999809265136719,1.1350155546097085e-05,7.942485353851225e-06,0.0
9.349926585855428e-06,1.983103902603034e-05,0.9999709129333496,2.0
0.9999722838401794,2.2884492864250205e-05,4.681698101194343e-06,0.0
1.754352342686616e-05,0.9999733567237854,9.321392099082004e-06,1.0
1.3320685866347048e-05,0.9999752044677734,1.1383477612980641e-05,1.0
1.8391576304566115e-05,0.9999752044677734,6.596506864298135e-06,1.0
0.9999809265136719,1.266796789423097e-05,6.350172043312341e-06,0.0
2.297156424901914e-05,0.9999713897705078,5.490911462402437e-06,1.0
2.0694164049928077e-05,0.9999733567237854,6.02713134867372e-06,1.0
1.3819797459291294e-05,0.999974250793457,1.2171831258456223e-05,1.0
0.9999809265136719,1.2502566278271843e-05,6.685202151857084e-06,0.0
0.9999814033508301,1.2652271834667772e-05,6.1019004533591215e-06,0.0
0.9999804496765137,1.1939378055103589e-05,7.592851488880115e-06,0.0
2.727626088017132e-05,0.9996343851089478,0.0003382301365491003,1.0
1.4941923836886417e-05,0.9999752044677734,9.817477803153452e-06,1.0
0.9999809265136719,1.2265130862942897e-05,6.790433417336317e-06,0.0
0.9999814033508301,1.2745838830596767e-05,6.057440714357654e-06,0.0
1.355641597911017e-05,0.9999727606773376,1.3859103091817815e-05,1.0
1.759167389536742e-05,0.9999727606773376,9.556203622196335e-06,1.0
0.9999804496765137,1.2196639545436483e-05,7.229371021821862e-06,0.0
0.9999814033508301,1.2587930541485548e-05,5.799519840365974e-06,0.0
0.9999814033508301,1.2001411960227415e-05,6.732951987942215e-06,0.0
1.9957775293732993e-05,0.999974250793457,6.064527951821219e-06,1.0
4.335420726420125e-06,3.5109837881464045e-06,0.999992311000824,2.0
1.382984464726178e-05,0.9999713897705078,1.4629435099777766e-05,1.0
1.4103865396464244e-05,0.9999756813049316,1.0225076948700007e-05,1.0
1.4562357137037907e-05,0.9999756813049316,9.6247722467524e-06,1.0
3.563666496120277e-06,3.63693857252656e-06,0.9999933838844299,2.0
2.479080285411328e-05,0.9999709129333496,4.39442237620824e-06,1.0
1.4300797374744434e-05,0.9999756813049316,1.0044591363111977e-05,1.0
2.8448019293136895e-05,0.9999675154685974,3.9880774238554295e-06,1.0
1.98283505596919e-05,0.9999738335609436,6.292510079219937e-06,1.0
1.939072535606101e-05,0.9999733567237854,7.433029622916365e-06,1.0
0.9999814033508301,1.3778331776848063e-05,4.669547706726007e-06,0.0
1.567663457535673e-05,0.9999756813049316,8.65992024046136e-06,1.0
3.6384581107995473e-06,3.546020707290154e-06,0.9999933838844299,2.0
1.6448866517748684e-05,0.9999752044677734,8.432572030869778e-06,1.0
1.1994865417364053e-05,0.9999727606773376,1.540431367175188e-05,1.0
0.9999804496765137,1.2903488823212683e-05,6.633892553509213e-06,0.0
3.867445684591075e-06,3.438107569309068e-06,0.999992311000824,2.0
0.9999804496765137,1.2889837307739072e-05,6.531453891511774e-06,0.0
2.378181670792401e-05,0.9999713897705078,4.888046532869339e-06,1.0
1.675626299402211e-05,0.9999738335609436,9.330214197689202e-06,1.0
0.9999809265136719,1.3187636795919389e-05,5.767798484157538e-06,0.0
0.9999809265136719,1.1604023711697664e-05,7.799925697327126e-06,0.0
0.9999790787696838,1.4730710972798988e-05,6.383963409462012e-06,0.0
0.9999814033508301,1.3486318493960425e-05,5.061336196376942e-06,0.0
2.7262554795015603e-05,0.9999685883522034,4.41877909906907e-06,1.0
0.9999814033508301,1.2860049537266605e-05,5.9864069044124335e-06,0.0
0.9999804496765137,1.2519987649284303e-05,7.11729717295384e-06,0.0
1.4303825082606636e-05,0.9999761581420898,9.720355592435226e-06,1.0
1.6718417100491934e-05,0.9999733567237854,1.0252818356093485e-05,1.0
2.1810998077853583e-05,0.9999727606773376,5.611954293271992e-06,1.0
2.1429605112643912e-05,0.9999727606773376,5.888113264518324e-06,1.0
2.772363950498402e-05,0.9999681115150452,4.348505626694532e-06,1.0
1.8826391169568524e-05,0.9999733567237854,7.916963113530073e-06,1.0
0.9999809265136719,1.275588419957785e-05,6.491921794804512e-06,0.0
3.835617917502532e-06,3.5384773582336493e-06,0.999992311000824,2.0
0.9999794960021973,1.162466924142791e-05,8.82945823832415e-06,0.0
1.3781827874481678e-05,0.9999747276306152,1.1275562428636476e-05,1.0
1.9569833966670558e-05,0.999974250793457,6.201946689543547e-06,1.0
1.6097628758870997e-05,0.9999727606773376,1.1241547326790169e-05,1.0
3.36798548232764e-05,0.9999618530273438,4.384685325931059e-06,1.0
2.175870758946985e-05,0.9999704360961914,8.006887583178468e-06,1.0
1.403682563250186e-05,0.9999756813049316,1.0425356776977424e-05,1.0
5.0829799874918535e-05,0.9999403953552246,8.692388291819952e-06,1.0
2.5696037482703105e-05,0.999969482421875,4.80363951282925e-06,1.0
0.9999814033508301,1.1912501577171497e-05,6.798441972932778e-06,0.0
1.2612083992280532e-05,0.9999738335609436,1.3466783457261045e-05,1.0
0.9999794960021973,1.225978758156998e-05,8.347184120793827e-06,0.0
0.9999814033508301,1.1931773769902065e-05,6.809479145886144e-06,0.0
1.8610819097375497e-05,0.9999747276306152,6.5789536165539175e-06,1.0
1.844295002229046e-05,0.9999747276306152,6.710489742545178e-06,1.0
1.6866631995071657e-05,0.9999756813049316,7.68822428653948e-06,1.0
1.2560061804833822e-05,0.999974250793457,1.3112803571857512e-05,1.0
4.784816155734006e-06,3.619095650719828e-06,0.9999913573265076,2.0
