0,1,2,label
2.6501453248783946e-05,0.9999170303344727,5.666149445460178e-05,1.0
3.331783227622509e-05,9.025960753206164e-05,0.9998764991760254,2.0
0.999949038028717,1.8811870177160017e-05,3.235999247408472e-05,0.0
0.9999479651451111,2.7907683033845387e-05,2.4236165700131096e-05,0.0
9.090022649616003e-05,0.9998865127563477,2.2731277567800134e-05,1.0
2.389712790318299e-05,0.9999508857727051,2.5161854864563793e-05,1.0
8.974444790510461e-05,3.866366751026362e-05,0.9998717308044434,2.0
1.7032281903084368e-05,0.9999479651451111,3.509469752316363e-05,1.0
1.5973088011378422e-05,0.9999242424964905,5.9966667322441936e-05,1.0
5.740637789131142e-05,0.9998587965965271,8.377509220736101e-05,1.0
4.088935020263307e-05,0.999938428401947,2.082266473735217e-05,1.0
3.0240709747886285e-05,0.9999260902404785,4.368504960439168e-05,1.0
0.9999470710754395,2.064202999463305e-05,3.2260126317851245e-05,0.0
0.9998817443847656,1.4526860468322411e-05,0.00010381736501585692,0.0
1.5938789147185162e-05,0.9999495148658752,3.473780088825151e-05,1.0
5.642159521812573e-05,5.158713611308485e-05,0.9998922348022461,2.0
0.01826520264148712,0.31273627281188965,0.6689984798431396,2.0
0.0001119237786042504,0.9998540282249451,3.419017593842e-05,1.0
0.9999055862426758,2.2756808903068304e-05,7.179391104727983e-05,0.0
4.064054155605845e-05,0.9998940825462341,6.545781070599332e-05,1.0
3.1647712603444234e-05,0.9999299645423889,3.851047222269699e-05,1.0
1.8995231584995054e-05,0.9999508857727051,3.0307490305858664e-05,1.0
0.24307678639888763,0.7548946738243103,0.002028482733294368,1.0
2.5102943254751153e-05,0.9999485611915588,2.640936327225063e-05,1.0
1.874637746368535e-05,0.9998965263366699,8.487819286528975e-05,1.0
2.0139163098065183e-05,0.9999399185180664,4.013574289274402e-05,1.0
1.203001374960877e-05,0.9999088644981384,7.89241457823664e-05,1.0
2.8302325517870486e-05,0.999938428401947,3.325358557049185e-05,1.0
1.4579796697944403e-05,0.9999499320983887,3.535821088007651e-05,1.0
7.929706771392375e-05,6.276128260651603e-05,0.9998579025268555,2.0
2.7170746761839837e-05,0.9999175071716309,5.519622573046945e-05,1.0
2.7103411412099376e-05,0.9999465942382812,2.6378653274150565e-05,1.0
2.7332323952578008e-05,0.9999313354492188,4.165400969213806e-05,1.0
4.356132194516249e-05,6.096848665038124e-05,0.9998956322669983,2.0
2.1963269318803214e-05,0.9999437928199768,3.454944817349315e-05,1.0
1.4966512026148848e-05,0.9999390244483948,4.618379534804262e-05,1.0
2.996579496539198e-05,0.9999408721923828,2.9034512408543378e-05,1.0
1.9149782019667327e-05,0.999946117401123,3.455376281635836e-05,1.0
5.457934821606614e-05,5.110988422529772e-05,0.9998940825462341,2.0
1.820944089558907e-05,0.9999474883079529,3.4417444112477824e-05,1.0
1.1358818483131472e-05,0.9999127388000488,7.599809759994969e-05,1.0
5.18531960551627e-05,0.9998822212219238,6.600758206332102e-05,1.0
0.6637985110282898,0.3251725137233734,0.011028885841369629,0.0
0.00010644282883731648,3.499499871395528e-05,0.9998583793640137,2.0
0.999943196773529,2.333073462068569e-05,3.3227810490643606e-05,0.0
0.9999217987060547,1.237154174305033e-05,6.593811849597842e-05,0.0
1.362672082905192e-05,0.9999418258666992,4.457122486201115e-05,1.0
2.411677996860817e-05,0.999949038028717,2.682202830328606e-05,1.0
2.96353882731637e-05,0.999939501285553,3.072566323680803e-05,1.0
0.9997921586036682,4.3580643250606954e-05,0.00016407294606324285,0.0
6.49441426503472e-05,0.9998831748962402,5.204581611906178e-05,1.0
2.162872078770306e-05,0.9999533295631409,2.510852209525183e-05,1.0
2.3089067326509394e-05,0.9999379515647888,3.906436177203432e-05,1.0
1.3246575690573081e-05,0.9999117851257324,7.497085607610643e-05,1.0
2.2683918359689415e-05,0.999941349029541,3.6267712857807055e-05,1.0
0.00013743116869591177,0.9998335838317871,2.9244991310406476e-05,1.0
5.2408213377930224e-05,0.9999217987060547,2.582481647550594e-05,1.0
0.9999485611915588,1.8354552594246343e-05,3.326726073282771e-05,0.0
0.9999499320983887,2.2590676962863654e-05,2.7323201720719226e-05,0.0
3.982370617450215e-05,0.9999303817749023,2.9957052902318537e-05,1.0
5.926396625000052e-05,5.5573193094460294e-05,0.9998851418495178,2.0
9.824118023971096e-06,0.999931812286377,5.8249257563147694e-05,1.0
1.79995422513457e-05,0.999931812286377,5.018422598368488e-05,1.0
2.998415038746316e-05,0.9999247193336487,4.547858043224551e-05,1.0
2.3430267901858315e-05,0.999931812286377,4.480792995309457e-05,1.0
3.02442567772232e-05,8.59212304931134e-05,0.9998835921287537,2.0
5.6827520893421024e-05,5.077989771962166e-05,0.9998922348022461,2.0
1.1520365660544485e-05,0.9999313354492188,5.7043685956159607e-05,1.0
2.6563622668618336e-05,0.9999256134033203,4.8001111281337216e-05,1.0
1.8581697077024728e-05,0.999931812286377,4.9485268391435966e-05,1.0
9.349832544103265e-05,0.9998817443847656,2.465466968715191e-05,1.0
1.2204539416416083e-05,0.9998840689659119,0.00010387212387286127,1.0
1.564749254612252e-05,0.9999322891235352,5.237943332758732e-05,1.0
0.00010501498763915151,6.0386119002941996e-05,0.9998344779014587,2.0
2.397757452854421e-05,0.9999251365661621,5.111943755764514e-05,1.0
1.1520365660544485e-05,0.9999313354492188,5.7043685956159607e-05,1.0
3.4254175261594355e-05,0.9999074935913086,5.8167934184893966e-05,1.0
0.9999508857727051,1.73367061506724e-05,3.207422196283005e-05,0.0
3.3587381039978936e-05,0.9999370574951172,2.944281732197851e-05,1.0
3.717833533301018e-05,0.999938428401947,2.4181541448342614e-05,1.0
1.7088950698962435e-05,0.9999542832374573,2.9004984753555618e-05,1.0
5.7565364841138944e-05,0.9998927116394043,4.997246287530288e-05,1.0
4.115000047022477e-05,0.9999194741249084,3.933647894882597e-05,1.0
0.9999456405639648,2.0381512513267808e-05,3.405850657145493e-05,0.0
8.233136031776667e-05,0.9998708367347717,4.702593287220225e-05,1.0
5.8702084061224014e-05,4.3708423618227243e-05,0.9998974800109863,2.0
3.540460602380335e-05,0.9999027252197266,6.174066220410168e-05,1.0
3.8636982935713604e-05,0.9998956322669983,6.57477939967066e-05,1.0
0.999949038028717,1.8830987755791284e-05,3.2129359169630334e-05,0.0
5.682156188413501e-05,0.9999151825904846,2.8214202757226303e-05,1.0
8.27636722533498e-06,0.99990314245224,8.840913505991921e-05,1.0
0.016741378232836723,0.29396599531173706,0.6892925500869751,2.0
1.751208219502587e-05,0.9999470710754395,3.538583769113757e-05,1.0
2.9646893381141126e-05,0.9998735785484314,9.662575757829472e-05,1.0
0.999943196773529,2.333222255401779e-05,3.3229811378987506e-05,0.0
4.29627689300105e-05,7.08395746187307e-05,0.9998860359191895,2.0
4.4267151679378e-05,0.9999217987060547,3.396764805074781e-05,1.0
4.384243584354408e-05,0.9999270439147949,2.910232069552876e-05,1.0
4.719918069895357e-05,5.324601079337299e-05,0.9998994469642639,2.0
5.0544596888357773e-05,6.07894326094538e-05,0.9998888373374939,2.0
3.6692705180030316e-05,0.999936580657959,2.6769002943183295e-05,1.0
1.654938023420982e-05,0.999946117401123,3.7592089938698336e-05,1.0
0.6739087104797363,0.3153812289237976,0.010710195638239384,1.0
1.647173849050887e-05,0.9999427199363708,4.066899782628752e-05,1.0
5.240331302047707e-05,0.9998025894165039,0.00014483391714747995,1.0
1.2803879144485109e-05,0.9998960494995117,9.144706564256921e-05,1.0
2.196067180193495e-05,0.9999422430992126,3.566894883988425e-05,1.0
3.256484342273325e-05,0.9999160766601562,5.160396540304646e-05,1.0
0.6682683229446411,0.3191843330860138,0.012547199614346027,0.0
0.9999465942382812,2.6673618776840158e-05,2.6625735699781217e-05,0.0
5.813854295411147e-05,0.9999213218688965,2.0332996427896433e-05,1.0
3.249742803745903e-05,0.0001024155571940355,0.9998651146888733,2.0
1.560618147777859e-05,0.9999408721923828,4.363495827419683e-05,1.0
2.2408139557228424e-05,0.999949038028717,2.851511089829728e-05,1.0
1.9811965103144757e-05,0.9999231696128845,5.6891563872341067e-05,1.0
1.5973088011378422e-05,0.9999242424964905,5.9966667322441936e-05,1.0
0.9999437928199768,2.8698275855276734e-05,2.75425936706597e-05,0.0
9.066457278095186e-05,0.9998851418495178,2.4085475160973147e-05,1.0
6.824794400017709e-05,4.691775029641576e-05,0.9998851418495178,2.0
5.7565364841138944e-05,0.9998927116394043,4.997246287530288e-05,1.0
0.9998803734779358,1.8934279069071636e-05,0.00010080015636049211,0.0
1.1894258932443336e-05,0.9999479651451111,4.021091081085615e-05,1.0
1.95250195247354e-05,0.9999294877052307,5.086209421278909e-05,1.0
1.5474945030291565e-05,0.9999403953552246,4.428873216966167e-05,1.0
1.949612305907067e-05,0.9999408721923828,3.945810385630466e-05,1.0
0.9999451637268066,2.5006460418808274e-05,3.0048531698412262e-05,0.0
0.9998883605003357,3.870820000884123e-05,7.28169979993254e-05,0.0
2.3446807972504757e-05,0.999949038028717,2.782893534458708e-05,1.0
7.235955126816407e-05,0.9999036192893982,2.4045082682278007e-05,1.0
1.1894258932443336e-05,0.9999479651451111,4.021091081085615e-05,1.0
0.9999479651451111,1.861009150161408e-05,3.339688555570319e-05,0.0
1.95250195247354e-05,0.9999294877052307,5.086209421278909e-05,1.0
0.9999527335166931,2.3241502276505344e-05,2.4206043235608377e-05,0.0
0.999949038028717,1.8826229279511608e-05,3.212219235138036e-05,0.0
1.1696372894220985e-05,0.9999270439147949,6.137532909633592e-05,1.0
1.1247219845245127e-05,0.9998951554298401,9.384511940879747e-05,1.0
0.999904215335846,6.775920337531716e-05,2.8319740522420034e-05,0.0
8.955767953011673e-06,0.9999284148216248,6.245098484214395e-05,1.0
1.769859591149725e-05,0.999938428401947,4.4087468268116936e-05,1.0
1.3885310181649402e-05,0.9999495148658752,3.668298086267896e-05,1.0
1.5708827049820684e-05,0.9999508857727051,3.3483982406323776e-05,1.0
4.955128679284826e-05,0.9999265670776367,2.3903417968540452e-05,1.0
5.077326204627752e-05,8.211133535951376e-05,0.9998669624328613,2.0
5.7889908930519596e-05,0.9998793005943298,6.29726200713776e-05,1.0
9.737761502037756e-06,0.9997553825378418,0.00023464269179385155,1.0
1.6439424143754877e-05,0.9999479651451111,3.55361589754466e-05,1.0
4.264448944013566e-05,0.9999247193336487,3.2647742045810446e-05,1.0
5.034806963521987e-05,5.50531767657958e-05,0.9998946785926819,2.0
2.0446184862521477e-05,0.9999194741249084,6.006356852594763e-05,1.0
1.1295504918962251e-05,0.9998965263366699,9.233998571289703e-05,1.0
5.3234132792567834e-05,0.9999303817749023,1.6437905287602916e-05,1.0
0.9999508857727051,2.0347873942228034e-05,2.893610690080095e-05,0.0
1.4290340004663449e-05,0.9999513626098633,3.4314631193410605e-05,1.0
6.760306132491678e-05,0.9997243881225586,0.00020791958377230912,1.0
1.8537202777224593e-05,0.9999184012413025,6.292987382039428e-05,1.0
3.8636982935713604e-05,0.9998956322669983,6.57477939967066e-05,1.0
0.9999303817749023,2.5174311303999275e-05,4.429705222719349e-05,0.0
1.9666034859255888e-05,0.9999242424964905,5.6135471822926775e-05,1.0
0.9999427199363708,2.190473969676532e-05,3.539255340001546e-05,0.0
0.9999485611915588,2.406848216196522e-05,2.745709934970364e-05,0.0
1.6832662367960438e-05,0.9999322891235352,5.075849549029954e-05,1.0
9.37132936087437e-05,0.9998779296875,2.8620219381991774e-05,1.0
2.074686562991701e-05,0.9999247193336487,5.45035618415568e-05,1.0
1.1357821676938329e-05,0.9999127388000488,7.599309174111113e-05,1.0
0.00038268128992058337,0.999568521976471,4.882765279035084e-05,1.0
0.9999142289161682,5.8328587329015136e-05,2.7699432394001633e-05,0.0
1.324121967627434e-05,0.9999117851257324,7.500703941332176e-05,1.0
2.865596798073966e-05,0.999944269657135,2.725553531490732e-05,1.0
3.032443237316329e-05,0.9999390244483948,3.0935036193113774e-05,1.0
2.0139163098065183e-05,0.9999399185180664,4.013574289274402e-05,1.0
0.0001190427501569502,0.9998340606689453,4.683366205426864e-05,1.0
9.412118379259482e-05,4.8302354116458446e-05,0.9998574256896973,2.0
2.3135002265917137e-05,0.9999403953552246,3.636749534052797e-05,1.0
0.9999527335166931,2.008149203902576e-05,2.7423733627074398e-05,0.0
1.60748022608459e-05,0.9999083876609802,7.553320756414905e-05,1.0
6.852674414403737e-05,0.9999051690101624,2.6371184503659606e-05,1.0
0.47735708951950073,0.5137514472007751,0.008891444653272629,1.0
2.7046888135373592e-05,0.9999370574951172,3.613486478570849e-05,1.0
1.8820575860445388e-05,0.9999418258666992,3.93490117858164e-05,1.0
5.3805932111572474e-05,5.937529567745514e-05,0.9998869895935059,2.0
0.9999342560768127,2.1277930500218645e-05,4.4663684093393385e-05,0.0
9.232095908373594e-05,0.9998708367347717,3.679871224449016e-05,1.0
5.0780090532498434e-05,8.21124340291135e-05,0.9998669624328613,2.0
9.859487909125164e-05,2.9649720090674236e-05,0.9998717308044434,2.0
0.9999437928199768,3.4882341424236074e-05,2.1592941266135313e-05,0.0
1.2847975995100569e-05,0.9999356269836426,5.134761886438355e-05,1.0
1.9369766960153356e-05,0.9999418258666992,3.891113374265842e-05,1.0
4.999005250283517e-05,6.966412911424413e-05,0.9998803734779358,2.0
9.960200259229168e-06,0.999842643737793,0.00014734962314832956,1.0
9.075686830328777e-05,0.9998865127563477,2.2719141270499676e-05,1.0
5.457934821606614e-05,5.110988422529772e-05,0.9998940825462341,2.0
1.4204780200088862e-05,0.9999179244041443,6.786436279071495e-05,1.0
0.00010902016947511584,0.999852180480957,3.8831247366033494e-05,1.0
1.732801138132345e-05,0.999944269657135,3.8364210922736675e-05,1.0
0.9999451637268066,1.7977017705561593e-05,3.673668106785044e-05,0.0
0.675596296787262,0.3154735565185547,0.008930135518312454,0.0
2.300984488101676e-05,0.9997754096984863,0.00020171425421722233,1.0
7.426735101034865e-05,4.850042023463175e-05,0.9998774528503418,2.0
2.0862258679699153e-05,0.9999527335166931,2.630271774251014e-05,1.0
2.9684011678909883e-05,0.9999070167541504,6.337319064186886e-05,1.0
1.1352818546583876e-05,0.9999208450317383,6.807366298744455e-05,1.0
9.795266123546753e-06,0.9999055862426758,8.488701860187575e-05,1.0
0.00021661451319232583,0.9997639656066895,1.9177396097802557e-05,1.0
2.714474430831615e-05,0.9999175071716309,5.517422687262297e-05,1.0
1.5194184015854262e-05,0.9999499320983887,3.507866495056078e-05,1.0
1.0826003745023627e-05,0.9999251365661621,6.430540088331327e-05,1.0
2.9604489100165665e-05,0.9999370574951172,3.322581687825732e-05,1.0
1.782788422133308e-05,0.9999465942382812,3.578735049813986e-05,1.0
0.9999474883079529,2.288761425006669e-05,2.9531875043176115e-05,0.0
3.095268039032817e-05,0.9999251365661621,4.405173604027368e-05,1.0
2.0275603674235754e-05,0.9998899102210999,8.981396968010813e-05,1.0
8.393711323151365e-05,6.099890379118733e-05,0.999855101108551,2.0
1.570469066791702e-05,0.9999508857727051,3.3488198823761195e-05,1.0
0.999944269657135,1.915221037052106e-05,3.650892904261127e-05,0.0
3.792098141275346e-05,0.9999308586120605,3.1416944693773985e-05,1.0
3.163793735438958e-05,0.9999284148216248,4.0043258195510134e-05,1.0
0.9999485611915588,2.095042509608902e-05,3.0577051802538335e-05,0.0
0.9999437928199768,2.1629462935379706e-05,3.461497908574529e-05,0.0
2.1267807824187912e-05,0.9998774528503418,0.00010151403694180772,1.0
1.0443825885886326e-05,0.9999179244041443,7.166838622651994e-05,1.0
2.4731534722377546e-05,0.999944269657135,3.116957668680698e-05,1.0
5.264646097202785e-05,0.9999236464500427,2.3699336452409625e-05,1.0
4.7908044507494196e-05,0.9999094605445862,4.271352008800022e-05,1.0
1.2611722922883928e-05,0.9999027252197266,8.487713785143569e-05,1.0
0.9999499320983887,1.6786028936621733e-05,3.316718721180223e-05,0.0
0.0001389819517498836,0.9998059868812561,5.513483120012097e-05,1.0
2.8297574317548424e-05,0.999938428401947,3.326341902720742e-05,1.0
2.0196785044390708e-05,0.9999274611473083,5.232316834735684e-05,1.0
0.9999499320983887,1.6786028936621733e-05,3.316718721180223e-05,0.0
4.194476787233725e-05,7.726515468675643e-05,0.999880850315094,2.0
0.9999308586120605,1.8268823623657227e-05,5.078706453787163e-05,0.0
0.9998812675476074,1.454954417567933e-05,0.00010440006735734642,0.0
8.853003237163648e-05,0.9998822212219238,2.9294094929355197e-05,1.0
1.634635918890126e-05,0.9999456405639648,3.787320383707993e-05,1.0
2.4483251763740554e-05,0.999949038028717,2.6518921004026197e-05,1.0
2.1746507627540268e-05,0.9999299645423889,4.862120113102719e-05,1.0
1.8825976439984515e-05,0.9999418258666992,3.932901381631382e-05,1.0
3.208903217455372e-05,0.9999284148216248,3.96850191464182e-05,1.0
6.173895963001996e-05,5.215905548539013e-05,0.9998860359191895,2.0
0.9999470710754395,2.9310580430319533e-05,2.3702928956481628e-05,0.0
2.222551302111242e-05,0.9998674392700195,0.0001104006078094244,1.0
1.2984097338630818e-05,0.9999226927757263,6.447857595048845e-05,1.0
1.708306990622077e-05,0.9999027252197266,8.00488269305788e-05,1.0
0.999934732913971,1.786176835594233e-05,4.736033224617131e-05,0.0
3.5273907997179776e-05,0.9999265670776367,3.821286009042524e-05,1.0
1.7656213458394632e-05,0.9999270439147949,5.514408621820621e-05,1.0
2.9009768695686944e-05,0.9999465942382812,2.4636477974127047e-05,1.0
1.722289925965015e-05,0.9999199509620667,6.30762951914221e-05,1.0
6.0919715906493366e-05,0.00010222478886134923,0.9998369216918945,2.0
1.8778515368467197e-05,0.9998965263366699,8.48334384500049e-05,1.0
4.460277341422625e-05,0.9998255372047424,0.00013001548359170556,1.0
6.789465987822041e-05,0.9999131560325623,1.903915654111188e-05,1.0
0.6775153875350952,0.019844533875584602,0.3026401400566101,0.0
1.6213598428294063e-05,0.999936580657959,4.734339381684549e-05,1.0
1.4964470210543368e-05,0.9999465942382812,3.853016460197978e-05,1.0
6.710013985866681e-05,4.988717773812823e-05,0.9998831748962402,2.0
1.7927864973898977e-05,0.9998021721839905,0.000180102841113694,1.0
1.7019729057210498e-05,0.9999479651451111,3.50835507560987e-05,1.0
0.9999294877052307,1.7981425116886385e-05,5.281019184621982e-05,0.0
1.3087828847346827e-05,0.9999270439147949,5.9723766753450036e-05,1.0
2.257398773508612e-05,0.999946117401123,3.149833719362505e-05,1.0
0.999946117401123,3.419764470891096e-05,1.9939892808906734e-05,0.0
4.473922308534384e-05,0.9999222755432129,3.28690221067518e-05,1.0
4.713881207862869e-05,0.9998512864112854,0.00010185169230680913,1.0
3.011273111042101e-05,0.9999474883079529,2.225885691586882e-05,1.0
2.194065928051714e-05,0.999946117401123,3.1876348657533526e-05,1.0
1.904631244542543e-05,0.9999570250511169,2.4027156541706063e-05,1.0
1.1520365660544485e-05,0.9999313354492188,5.7043685956159607e-05,1.0
0.00011573128722375259,3.5747889342019334e-05,0.9998483657836914,2.0
0.9998460412025452,8.031838660826907e-05,7.363670010818169e-05,0.0
0.9999479651451111,2.1784950149594806e-05,3.041372292500455e-05,0.0
0.9999485611915588,1.8354552594246343e-05,3.326726073282771e-05,0.0
6.28878187853843e-05,0.9998946785926819,4.2518400732660666e-05,1.0
1.1245740097365342e-05,0.9999099373817444,7.893009023973718e-05,1.0
3.00938991131261e-05,0.9999474883079529,2.2255078874877654e-05,1.0
0.9999279379844666,1.3102115190122277e-05,5.9020872868131846e-05,0.0
1.3627982298203278e-05,0.9999418258666992,4.456182796275243e-05,1.0
4.4539308873936534e-05,0.9999294877052307,2.617334757815115e-05,1.0
1.560229793540202e-05,0.9999408721923828,4.364107735455036e-05,1.0
0.9999513626098633,2.3651176888961345e-05,2.4897732146200724e-05,0.0
2.495616536180023e-05,0.9999465942382812,2.863225745386444e-05,1.0
1.9252234778832644e-05,0.9999570250511169,2.388436951150652e-05,1.0
3.329975879751146e-05,0.9999170303344727,4.972283568349667e-05,1.0
0.9998974800109863,1.6577054338995367e-05,8.612147939857095e-05,0.0
2.998415038746316e-05,0.9999247193336487,4.547858043224551e-05,1.0
1.9635919670690782e-05,0.9999208450317383,5.960103590041399e-05,1.0
5.550857531488873e-05,0.9996529221534729,0.0002915606019087136,1.0
8.120789425447583e-05,0.9999017715454102,1.6958389096544124e-05,1.0
4.145404091104865e-05,0.9999274611473083,3.117334927082993e-05,1.0
0.6781530976295471,0.3123699128627777,0.009476942010223866,0.0
3.672967795864679e-05,0.999936580657959,2.6541136321611702e-05,1.0
2.144225982192438e-05,0.999944269657135,3.446474511292763e-05,1.0
3.014424873981625e-05,0.9999327063560486,3.697400097735226e-05,1.0
2.5798624847084284e-05,0.9999418258666992,3.263566759414971e-05,1.0
4.317305138101801e-05,0.9999351501464844,2.153102650481742e-05,1.0
3.58031211362686e-05,0.9999342560768127,3.0258510378189385e-05,1.0
2.1900541469221935e-05,0.9999513626098633,2.6955756766255945e-05,1.0
6.0051028412999585e-05,0.9999083876609802,3.159861807944253e-05,1.0
0.9999495148658752,1.9049653928959742e-05,3.17510130116716e-05,0.0
1.2847975995100569e-05,0.9999356269836426,5.134761886438355e-05,1.0
8.892554615158588e-05,6.276768544921651e-05,0.9998483657836914,2.0
2.9145510779926553e-05,0.9999427199363708,2.806491102091968e-05,1.0
1.845236329245381e-05,0.9999470710754395,3.454832767602056e-05,1.0
0.00010642517736414447,3.500267484923825e-05,0.9998583793640137,2.0
1.2947026334586553e-05,0.9999189972877502,6.804893928347155e-05,1.0
8.686608634889126e-05,0.9998793005943298,3.385933086974546e-05,1.0
1.4969509720685892e-05,0.9999465942382812,3.851579822367057e-05,1.0
3.053767795790918e-05,0.9999337792396545,3.58835568476934e-05,1.0
0.9999399185180664,3.109970566583797e-05,2.8879094315925613e-05,0.0
0.9999456405639648,1.7509375538793392e-05,3.682423266582191e-05,0.0
0.00035211927024647593,0.9996210336685181,2.677525844774209e-05,1.0
3.448601273703389e-05,0.9998798966407776,8.581468864576891e-05,1.0
1.2175673873571213e-05,0.9999485611915588,3.938647932955064e-05,1.0
2.9094357159920037e-05,0.9999504089355469,2.0739307728945278e-05,1.0
2.914095421147067e-05,0.9999427199363708,2.806967677315697e-05,1.0
1.6300498828059062e-05,0.9999403953552246,4.3526564695639536e-05,1.0
2.7113259420730174e-05,0.9999451637268066,2.762016447377391e-05,1.0
0.9999427199363708,3.1768337066750973e-05,2.5378387363161892e-05,0.0
1.1291196642559953e-05,0.9998965263366699,9.238992061000317e-05,1.0
4.1484370740363374e-05,0.999936580657959,2.2120249923318624e-05,1.0
1.0346168892283458e-05,0.9999379515647888,5.154066820978187e-05,1.0
3.50001355400309e-05,0.9999127388000488,5.206080822972581e-05,1.0
1.409634842275409e-05,0.9998212456703186,0.00016473032883368433,1.0
1.7787890101317316e-05,0.999939501285553,4.2810086597455665e-05,1.0
0.999936580657959,2.954686169687193e-05,3.41149716405198e-05,0.0
0.9998812675476074,1.0683605069061741e-05,0.00010814710549311712,0.0
1.21928005683003e-05,0.9999303817749023,5.7509398175170645e-05,1.0
2.9737051590927877e-05,0.9999474883079529,2.2659398382529616e-05,1.0
0.9999231696128845,2.0073353880434297e-05,5.6758246500976384e-05,0.0
2.934747317340225e-05,0.999943196773529,2.756424692051951e-05,1.0
2.1898054910707287e-05,0.999934732913971,4.34001449320931e-05,1.0
0.999946117401123,3.353156353114173e-05,2.0625124307116494e-05,0.0
1.7380509234499186e-05,0.999938428401947,4.4086707930546254e-05,1.0
3.6301174986874685e-05,0.9999356269836426,2.8168229619041085e-05,1.0
6.205067620612681e-05,0.9999170303344727,2.0770305127371103e-05,1.0
0.9999495148658752,2.4457511244690977e-05,2.5969420676119626e-05,0.0
4.322570384829305e-05,0.9999351501464844,2.153102650481742e-05,1.0
0.9999294877052307,1.5192719729384407e-05,5.545386011363007e-05,0.0
6.038520223228261e-05,0.9998803734779358,5.9247238823445514e-05,1.0
0.9999508857727051,2.0355948436190374e-05,2.892741576943081e-05,0.0
5.850150409969501e-05,0.9999179244041443,2.350912291149143e-05,1.0
2.017634324147366e-05,0.9999184012413025,6.134835712146014e-05,1.0
6.56600677757524e-05,0.9999074935913086,2.708870670176111e-05,1.0
3.28241367242299e-05,0.999910831451416,5.651670289807953e-05,1.0
0.9999522566795349,2.008618503168691e-05,2.7420490368967876e-05,0.0
0.00015226220421027392,0.9998283386230469,1.9461793272057548e-05,1.0
3.327699960209429e-05,0.9999485611915588,1.8462642401573248e-05,1.0
1.7661099263932556e-05,0.9999533295631409,2.9361835913732648e-05,1.0
1.842586243583355e-05,0.9999518394470215,2.9887396522099152e-05,1.0
6.078346268623136e-05,5.109896665089764e-05,0.9998879432678223,2.0
3.6097113479627296e-05,0.9999231696128845,4.085512409801595e-05,1.0
1.986438837775495e-05,0.999901294708252,7.902845391072333e-05,1.0
2.1587627998087555e-05,0.9999290108680725,4.965901098330505e-05,1.0
0.9999508857727051,2.1306541384547018e-05,2.7847996534546837e-05,0.0
0.6598246693611145,0.32974040508270264,0.010434921830892563,0.0
1.7082516933442093e-05,0.9999542832374573,2.9016744520049542e-05,1.0
0.00016714456432964653,0.9997987747192383,3.429896241868846e-05,1.0
1.6769085050327703e-05,0.9998831748962402,0.00010021890193456784,1.0
3.8055350159993395e-05,0.9999175071716309,4.462106880964711e-05,1.0
2.7602129193837754e-05,0.9999474883079529,2.478926944604609e-05,1.0
2.6467883799341507e-05,0.9999456405639648,2.774966742435936e-05,1.0
6.513909465866163e-05,4.5546421461040154e-05,0.9998894333839417,2.0
4.0289945900440216e-05,6.452704838011414e-05,0.9998951554298401,2.0
1.229255667567486e-05,0.9999147057533264,7.325992919504642e-05,1.0
0.999949038028717,2.266478077217471e-05,2.8485917937359773e-05,0.0
4.0849201468518004e-05,0.999938428401947,2.0817045879084617e-05,1.0
2.3637578124180436e-05,0.9999217987060547,5.48542921023909e-05,1.0
0.00010440863115945831,3.4784345189109445e-05,0.9998608231544495,2.0
1.90328573808074e-05,0.9999570250511169,2.403953294560779e-05,1.0
1.2092713404854294e-05,0.9999408721923828,4.724403697764501e-05,1.0
2.1634414224536158e-05,0.9999533295631409,2.5101600840571336e-05,1.0
1.329517544945702e-05,0.9999427199363708,4.412203634274192e-05,1.0
3.1195384508464485e-05,0.9999499320983887,1.9097695258096792e-05,1.0
6.173689325805753e-05,5.216308272792958e-05,0.9998860359191895,2.0
1.149903800978791e-05,0.9999379515647888,5.0593454943737015e-05,1.0
2.735902671702206e-05,0.9998740553855896,9.874063835013658e-05,1.0
0.6913139820098877,0.2932298481464386,0.015456023626029491,1.0
0.00010637981176842004,3.50065492966678e-05,0.9998587965965271,2.0
0.9997420907020569,1.788310873962473e-05,0.00023985342704690993,0.0
0.9999465942382812,1.8186063243774697e-05,3.5091714380541816e-05,0.0
1.8959106455440633e-05,0.9999527335166931,2.809372563206125e-05,1.0
1.5521976820309646e-05,0.9998407959938049,0.00014397857012227178,1.0
4.13000670960173e-05,0.9999374747276306,2.1361107428674586e-05,1.0
0.9999374747276306,1.8516740965424106e-05,4.397500742925331e-05,0.0
4.5270182454260066e-05,0.9997473359107971,0.00020761264022439718,1.0
1.9638653611764312e-05,0.9999236464500427,5.666311699314974e-05,1.0
1.3087828847346827e-05,0.9999270439147949,5.9723766753450036e-05,1.0
4.522724339039996e-05,5.498539030668326e-05,0.9998999238014221,2.0
0.999946117401123,2.320812563993968e-05,3.063577605644241e-05,0.0
1.7322343410342e-05,0.9999499320983887,3.2835592719493434e-05,1.0
0.9999242424964905,5.178509309189394e-05,2.4031853172346018e-05,0.0
8.196416456485167e-05,0.9999036192893982,1.4385605936695356e-05,1.0
9.46974178077653e-05,4.9871057854034007e-05,0.9998555779457092,2.0
1.2967305337951984e-05,0.9999361038208008,5.091907223686576e-05,1.0
6.904491601744667e-05,4.3763484427472576e-05,0.9998874664306641,2.0
0.00020470662275329232,0.9997692108154297,2.606571615615394e-05,1.0
1.9732313376152888e-05,0.9998645186424255,0.00011547794565558434,1.0
1.9252234778832644e-05,0.9999570250511169,2.388436951150652e-05,1.0
2.9477765565388836e-05,0.9999308586120605,3.973724597017281e-05,1.0
1.9993685782537796e-05,0.9999390244483948,4.130298111704178e-05,1.0
1.3077511539449915e-05,0.9999374747276306,4.953026655130088e-05,1.0
3.717833533301018e-05,0.999938428401947,2.4181541448342614e-05,1.0
2.1746507627540268e-05,0.9999299645423889,4.862120113102719e-05,1.0
0.9997573494911194,8.941775740822777e-05,0.00015316240023821592,0.0
1.4408561582968105e-05,0.9996105432510376,0.0003749951138161123,1.0
0.9999479651451111,2.429133019177243e-05,2.7545222110347822e-05,0.0
0.00011086632002843544,0.9998555779457092,3.35126715071965e-05,1.0
0.9999495148658752,2.525188392610289e-05,2.545513052609749e-05,0.0
0.9999474883079529,2.2373144020093605e-05,3.0208713724277914e-05,0.0
3.0350704037118703e-05,0.9999337792396545,3.5890127037419006e-05,1.0
4.640494080376811e-05,0.9999361038208008,1.7610054783290252e-05,1.0
6.357864913297817e-05,4.3667678255587816e-05,0.9998927116394043,2.0
1.7787890101317316e-05,0.999939501285553,4.2810086597455665e-05,1.0
1.2967305337951984e-05,0.9999361038208008,5.091907223686576e-05,1.0
1.5938789147185162e-05,0.9999495148658752,3.473780088825151e-05,1.0
0.00012328982120379806,3.0531533411704004e-05,0.9998460412025452,2.0
3.0477163818432018e-05,0.9998965263366699,7.283359445864335e-05,1.0
0.9999485611915588,2.5859368179226294e-05,2.550980934756808e-05,0.0
1.15046759674442e-05,0.9999379515647888,5.055549627286382e-05,1.0
0.9999403953552246,1.9805427655228414e-05,3.970883335568942e-05,0.0
6.201990618137643e-05,0.9999175071716309,2.0769253751495853e-05,1.0
3.4116401366190985e-05,0.9999470710754395,1.8978138541569933e-05,1.0
0.9999499320983887,1.9224016796215437e-05,3.109564568148926e-05,0.0
0.9998817443847656,3.491908864816651e-05,8.358331979252398e-05,0.0
1.0028836186393164e-05,0.9999179244041443,7.18612500349991e-05,1.0
1.7656213458394632e-05,0.9999270439147949,5.514408621820621e-05,1.0
0.9999508857727051,2.329884773644153e-05,2.606442285468802e-05,0.0
9.519009836367331e-06,0.9999008178710938,8.952142525231466e-05,1.0
2.4174647478503175e-05,0.999949038028717,2.6775054720928892e-05,1.0
1.2341020919848233e-05,0.999936580657959,5.104801675770432e-05,1.0
2.9499811716959812e-05,0.9999399185180664,3.069549347856082e-05,1.0
1.3615225725516211e-05,0.999936580657959,4.977089702151716e-05,1.0
5.457934821606614e-05,5.110988422529772e-05,0.9998940825462341,2.0
2.3158136173151433e-05,0.999949038028717,2.7832755222334526e-05,1.0
0.9999179244041443,3.9155253034550697e-05,4.294441168894991e-05,0.0
0.9999036192893982,1.9373352188267745e-05,7.700834248680621e-05,0.0
0.0001857534662121907,5.0303344323765486e-05,0.9997639656066895,2.0
1.2495475857576821e-05,0.9999213218688965,6.598239997401834e-05,1.0
1.2036371117574163e-05,0.9999088644981384,7.891827408457175e-05,1.0
0.9999189972877502,3.620834104367532e-05,4.495846951613203e-05,0.0
1.4996113350207452e-05,0.9999470710754395,3.818374898401089e-05,1.0
7.933269807836041e-05,4.3773168727057055e-05,0.9998769760131836,2.0
1.8619588445289992e-05,0.9998531341552734,0.00012815541413147002,1.0
0.999949038028717,1.9129958673147485e-05,3.179701161570847e-05,0.0
1.4964542060624808e-05,0.9999465942382812,3.8540085370186716e-05,1.0
0.9999160766601562,6.341721018543467e-05,2.0708515876322053e-05,0.0
1.4964542060624808e-05,0.9999465942382812,3.8540085370186716e-05,1.0
2.7046888135373592e-05,0.9999370574951172,3.613486478570849e-05,1.0
4.2366653360659257e-05,6.530479731736705e-05,0.9998922348022461,2.0
1.2804662219423335e-05,0.9998960494995117,9.139160829363391e-05,1.0
4.2075695091625676e-05,0.9999160766601562,4.181556141702458e-05,1.0
0.999944269657135,2.8979657145100646e-05,2.6941648684442043e-05,0.0
7.227265450637788e-05,0.9999036192893982,2.403279358986765e-05,1.0
0.9999479651451111,2.1785344870295376e-05,3.0411836632993072e-05,0.0
0.9999437928199768,2.8702299459837377e-05,2.754992419795599e-05,0.0
1.0369372830609791e-05,0.9999337792396545,5.5806558520998806e-05,1.0
0.9999451637268066,1.8677619664231315e-05,3.627930345828645e-05,0.0
9.209978452418e-05,0.9998712539672852,3.6774014006368816e-05,1.0
3.9905633457237855e-05,7.8559409303125e-05,0.9998817443847656,2.0
0.9999485611915588,2.406848216196522e-05,2.745709934970364e-05,0.0
0.0004028752737212926,0.9991240501403809,0.0004732126253657043,1.0
0.9998931288719177,1.2595183761732187e-05,9.440002759220079e-05,0.0
2.7045418391935527e-05,0.9999370574951172,3.611594729591161e-05,1.0
0.6790116429328918,0.3065139353275299,0.0144744161516428,0.0
0.999949038028717,1.9305478417663835e-05,3.177049075020477e-05,0.0
0.9998044967651367,0.00012421223800629377,7.11461398168467e-05,0.0
1.0348487194278277e-05,0.9999379515647888,5.151320146978833e-05,1.0
0.999941349029541,1.951943340827711e-05,3.931386527256109e-05,0.0
1.8158560123993084e-05,0.9999147057533264,6.711370951961726e-05,1.0
0.9994875192642212,3.051718340429943e-05,0.00048203469486907125,0.0
1.75715540535748e-05,0.9999479651451111,3.4470067475922406e-05,1.0
0.9999499320983887,1.678953594819177e-05,3.316158472443931e-05,0.0
1.943208189914003e-05,0.9999422430992126,3.82999460271094e-05,1.0
8.18790213088505e-05,0.9999036192893982,1.4383136658580042e-05,1.0
5.327989492798224e-05,0.9999290108680725,1.8028009435511194e-05,1.0
3.579482654458843e-05,0.9999342560768127,3.0258161132223904e-05,1.0
1.0210703294433188e-05,0.9998655915260315,0.0001241040154127404,1.0
1.4959889085730538e-05,0.9999337792396545,5.1420924137346447e-05,1.0
1.4402708984562196e-05,0.9999165534973145,6.893773388583213e-05,1.0
0.999946117401123,2.292547287652269e-05,3.1269286409951746e-05,0.0
0.00011894015915459022,7.474597077816725e-05,0.9998064637184143,2.0
5.7565364841138944e-05,0.9998927116394043,4.997246287530288e-05,1.0
0.999949038028717,1.8592796550365165e-05,3.253473187214695e-05,0.0
2.3135507944971323e-05,0.9999403953552246,3.639098576968536e-05,1.0
0.9999474883079529,2.4310242224601097e-05,2.7974192562396638e-05,0.0
2.1476806068676524e-05,0.9998803734779358,9.850268543232232e-05,1.0
7.302589801838621e-05,0.9998692870140076,5.7444278354523703e-05,1.0
3.606979225878604e-05,0.999944269657135,1.952174170583021e-05,1.0
1.6640236935927533e-05,0.9999447464942932,3.861797449644655e-05,1.0
0.6479897499084473,0.3415502607822418,0.010460084304213524,1.0
0.6479897499084473,0.3415502607822418,0.010460084304213524,0.0
1.5632054783054627e-05,0.9999036192893982,8.088227332336828e-05,1.0
0.9999485611915588,2.7530069928616285e-05,2.4000568373594433e-05,0.0
0.9999313354492188,1.7697717339615338e-05,5.128497286932543e-05,0.0
0.999939501285553,2.631064307934139e-05,3.4118289477191865e-05,0.0
3.151871351292357e-05,0.9999327063560486,3.58831457560882e-05,1.0
0.9998660683631897,3.665968688437715e-05,9.746536670718342e-05,0.0
8.977988181868568e-05,3.864428072120063e-05,0.9998717308044434,2.0
1.1520365660544485e-05,0.9999313354492188,5.7043685956159607e-05,1.0
1.138149127655197e-05,0.9998865127563477,0.00010222712444374338,1.0
0.00012852688087150455,0.9995980858802795,0.0002735262387432158,1.0
1.6641346519463696e-05,0.9999447464942932,3.863454912789166e-05,1.0
1.5973088011378422e-05,0.9999242424964905,5.9966667322441936e-05,1.0
1.9252234778832644e-05,0.9999570250511169,2.388436951150652e-05,1.0
0.9999294877052307,2.243320159323048e-05,4.819739478989504e-05,0.0
0.9999499320983887,1.6786028936621733e-05,3.316718721180223e-05,0.0
0.9999527335166931,2.3239308575284667e-05,2.420528107904829e-05,0.0
9.495867561781779e-05,4.323576649767347e-05,0.9998617172241211,2.0
3.4722863347269595e-05,0.9999422430992126,2.3133765353122726e-05,1.0
1.2204539416416083e-05,0.9998840689659119,0.00010387212387286127,1.0
0.9999437928199768,1.4290654689830262e-05,4.215052103972994e-05,0.0
0.999934732913971,2.3896216589491814e-05,4.13544948969502e-05,0.0
3.1830415537115186e-05,0.999882698059082,8.539010013919324e-05,1.0
4.627903035725467e-05,6.069188748369925e-05,0.9998931288719177,2.0
0.9999356269836426,2.11337574000936e-05,4.322146196500398e-05,0.0
1.0059487976832315e-05,0.9999074935913086,8.235900168074295e-05,1.0
0.999941349029541,1.5103615623957012e-05,4.3340420234017074e-05,0.0
0.00011425401316955686,5.45601942576468e-05,0.9998312592506409,2.0
0.9998960494995117,3.8253041566349566e-05,6.554533320013434e-05,0.0
5.813854295411147e-05,0.9999213218688965,2.0332996427896433e-05,1.0
1.1656153219519183e-05,0.9998378753662109,0.0001504984829807654,1.0
0.9999170303344727,1.4799398741160985e-05,6.845372990937904e-05,0.0
0.999944269657135,2.898488128266763e-05,2.694452450668905e-05,0.0
0.9999418258666992,2.615655648696702e-05,3.19963764923159e-05,0.0
7.934866152936593e-05,4.376244396553375e-05,0.9998769760131836,2.0
3.054770058952272e-05,0.9999337792396545,3.5909230064135045e-05,1.0
1.8415163140161894e-05,0.9999131560325623,6.829429185017943e-05,1.0
6.710013985866681e-05,4.988717773812823e-05,0.9998831748962402,2.0
2.716727613005787e-05,0.9999447464942932,2.804866926453542e-05,1.0
0.9999479651451111,2.429133019177243e-05,2.7545222110347822e-05,0.0
3.6474473745329306e-05,0.9998692870140076,9.433856757823378e-05,1.0
2.7957124984823167e-05,0.9999046921730042,6.740987009834498e-05,1.0
1.8163027561968192e-05,0.9999456405639648,3.6411602195585147e-05,1.0
0.00013169519661460072,3.4016080462606624e-05,0.9998344779014587,2.0
3.632569496403448e-05,0.9998835921287537,8.018987864488736e-05,1.0
3.256484342273325e-05,0.9999160766601562,5.160396540304646e-05,1.0
2.456290712871123e-05,0.9999055862426758,6.993438728386536e-05,1.0
7.12757755536586e-05,0.999904215335846,2.4756194761721417e-05,1.0
5.357128247851506e-05,0.9999094605445862,3.706996358232573e-05,1.0
0.9999184012413025,1.7079973986255936e-05,6.446320185204968e-05,0.0
2.1504083633772098e-05,0.999943196773529,3.513876799843274e-05,1.0
0.999882698059082,9.730534657137468e-05,2.0270710592740215e-05,0.0
1.0374793419032358e-05,0.9999337792396545,5.580384822678752e-05,1.0
0.6638087034225464,0.325162410736084,0.011028791777789593,1.0
1.799437632143963e-05,0.999949038028717,3.315456706332043e-05,1.0
2.033016426139511e-05,0.999943196773529,3.629608909250237e-05,1.0
9.364852303406224e-05,3.4890759707195684e-05,0.9998717308044434,2.0
0.9999474883079529,2.237922490166966e-05,3.019486030098051e-05,0.0
0.6703305244445801,0.3185616135597229,0.011107755824923515,0.0
1.6200476238736883e-05,0.9999579787254333,2.5921490305336192e-05,1.0
0.9998960494995117,8.698993042344227e-05,1.7142554497695528e-05,0.0
2.344738823012449e-05,0.999931812286377,4.478622940951027e-05,1.0
1.761966268531978e-05,0.9999456405639648,3.700511661008932e-05,1.0
0.9999499320983887,1.6786028936621733e-05,3.316718721180223e-05,0.0
6.303516420302913e-05,0.9998064637184143,0.00013048054825048894,1.0
0.00013169519661460072,3.4016080462606624e-05,0.9998344779014587,2.0
2.1603900677291676e-05,0.9999290108680725,4.965223706676625e-05,1.0
1.950210935319774e-05,0.9999408721923828,3.946980359614827e-05,1.0
1.842586243583355e-05,0.9999518394470215,2.9887396522099152e-05,1.0
1.6550531654502265e-05,0.9999284148216248,5.479808532982133e-05,1.0
0.9999290108680725,2.5072149583138525e-05,4.5949283958179876e-05,0.0
0.999941349029541,2.7214913643547334e-05,3.146024027955718e-05,0.0
1.5006786270532757e-05,0.9999470710754395,3.818022014456801e-05,1.0
1.1889858797076158e-05,0.9999479651451111,4.0217080822912976e-05,1.0
0.7021571397781372,0.06785585731267929,0.2299870252609253,0.0
2.37087624554988e-05,0.9999499320983887,2.6202744265901856e-05,1.0
0.9998597502708435,1.8568163795862347e-05,0.00012143535423092544,0.0
3.208903217455372e-05,0.9999284148216248,3.96850191464182e-05,1.0
3.5027118428843096e-05,0.9999127388000488,5.2217637858120725e-05,1.0
3.408888733247295e-05,0.9997053146362305,0.0002604798646643758,1.0
1.5188433280854952e-05,0.9999533295631409,3.150055999867618e-05,1.0
0.00010051859862869605,5.090353442938067e-05,0.9998488426208496,2.0
1.2413970580382738e-05,0.9999374747276306,5.0035603635478765e-05,1.0
3.8556299841729924e-05,0.9999251365661621,3.639851274783723e-05,1.0
4.009579788544215e-05,0.999931812286377,2.7987722205580212e-05,1.0
5.4992149671306834e-05,5.909504761802964e-05,0.9998860359191895,2.0
2.4483251763740554e-05,0.999949038028717,2.6518921004026197e-05,1.0
8.137551049003378e-05,4.9239391955779865e-05,0.9998692870140076,2.0
0.00019783897732850164,0.9997653961181641,3.676142659969628e-05,1.0
3.909197403118014e-05,0.999936580657959,2.4515960831195116e-05,1.0
1.9989949578302912e-05,0.9999533295631409,2.665627653186675e-05,1.0
3.87278814741876e-05,0.9997744560241699,0.00018669615383259952,1.0
1.7528071111883037e-05,0.9999303817749023,5.2118826715741307e-05,1.0
0.0049797846004366875,0.9269784092903137,0.06804182380437851,1.0
2.0451176169444807e-05,0.9999538064002991,2.5857372747850604e-05,1.0
1.722469096421264e-05,0.9999199509620667,6.305350689217448e-05,1.0
1.757870995788835e-05,0.9999479651451111,3.447124981903471e-05,1.0
1.2337419320829213e-05,0.999936580657959,5.1067785534542054e-05,1.0
0.6889872550964355,0.011372948996722698,0.2996397912502289,0.0
1.3083585145068355e-05,0.9999270439147949,5.9710670029744506e-05,1.0
4.4528223952511325e-05,0.9999370574951172,1.8291906599188223e-05,1.0
4.813460327568464e-05,0.999842643737793,0.00010934378224192187,1.0
