0,1,2,label
5.7484718126943335e-05,0.9998555779457092,8.709477697266266e-05,1.0
0.0004867165698669851,0.00028611934976652265,0.9992274045944214,2.0
0.9996529221534729,0.00012933544348925352,0.00021777526126243174,0.0
0.9996719360351562,0.00019046393572352827,0.00013753317762166262,0.0
5.442326073534787e-05,0.9998974800109863,4.802666444447823e-05,1.0
6.753495836164802e-05,0.9998940825462341,3.85385392291937e-05,1.0
0.00036432704655453563,0.000149902596604079,0.9994855523109436,2.0
0.00016887500532902777,0.999796450138092,3.466198540991172e-05,1.0
6.651779403910041e-05,0.9998965263366699,3.715299681061879e-05,1.0
7.936402107588947e-05,0.9997544288635254,0.0001663756265770644,1.0
4.9578135076444596e-05,0.9998164772987366,0.00013400147145148367,1.0
0.00011186146002728492,0.9998579025268555,3.0199928005458787e-05,1.0
0.999665379524231,0.0001961947709787637,0.00013850058894604445,0.0
0.9996667504310608,0.00015417738177347928,0.00017894785560201854,0.0
5.578900163527578e-05,0.9999008178710938,4.3210864532738924e-05,1.0
0.00029706794884987175,0.0001820948236854747,0.9995209574699402,2.0
0.006218480411916971,0.25898846983909607,0.7347930073738098,2.0
6.556808511959389e-05,0.9998917579650879,4.256785541656427e-05,1.0
0.999433696269989,0.00010528052371228114,0.00046116943121887743,0.0
6.359950930345803e-05,0.9998931288719177,4.3254818592686206e-05,1.0
6.214092718437314e-05,0.9999004006385803,3.7538065953413025e-05,1.0
4.8756370233604684e-05,0.9998331069946289,0.00011811477452283725,1.0
0.07713762670755386,0.9220528602600098,0.0008094825316220522,1.0
6.348946044454351e-05,0.9996639490127563,0.0002724185469560325,1.0
6.151027628220618e-05,0.9998879432678223,5.052300912211649e-05,1.0
5.964584488538094e-05,0.999901294708252,3.899873627233319e-05,1.0
5.9678899560822174e-05,0.9998999238014221,4.041694410261698e-05,1.0
5.533500007004477e-05,0.9998951554298401,4.975837146048434e-05,1.0
4.855230145039968e-05,0.9998903870582581,6.135309376986697e-05,1.0
0.00032056288910098374,0.00017786862736102194,0.9995018839836121,2.0
8.683460328029469e-05,0.9998760223388672,3.707473661052063e-05,1.0
9.913590474752709e-05,0.9998717308044434,2.9222019293229096e-05,1.0
6.0194830439286307e-05,0.9998851418495178,5.494696233654395e-05,1.0
0.00034499503090046346,0.00015758333029225469,0.9994975328445435,2.0
5.268413224257529e-05,0.9998888373374939,5.857458017999306e-05,1.0
5.329417763277888e-05,0.9998840689659119,6.243932148208842e-05,1.0
4.3245250708423555e-05,0.9998774528503418,7.926629768917337e-05,1.0
6.789452163502574e-05,0.9997701644897461,0.0001616876688785851,1.0
0.00021063121675979346,0.00034724007127806544,0.9994422793388367,2.0
7.409381214529276e-05,0.9998931288719177,3.25288056046702e-05,1.0
5.1345359679544345e-05,0.9998979568481445,5.0797138101188466e-05,1.0
5.873568443348631e-05,0.9998783469200134,6.30560316494666e-05,1.0
0.7018426656723022,0.2900257408618927,0.008131648413836956,0.0
0.0003359734546393156,0.0001897508918773383,0.9994741678237915,2.0
0.9996739029884338,0.00018960922898259014,0.00013630642206408083,0.0
0.9996796250343323,0.0001563106634421274,0.0001640433765714988,0.0
6.662928353762254e-05,0.999898374080658,3.508776717353612e-05,1.0
6.0981859860476106e-05,0.9998951554298401,4.405127765494399e-05,1.0
6.573418795596808e-05,0.9998988509178162,3.528003071551211e-05,1.0
0.9996557831764221,0.00017602104344405234,0.00016800787125248462,0.0
0.0004150014428887516,0.9995399117469788,4.490499122766778e-05,1.0
0.0001220997073687613,0.9998478889465332,2.9921080567874014e-05,1.0
5.210863673710264e-05,0.999901294708252,4.687070395448245e-05,1.0
6.165681406855583e-05,0.999898374080658,4.00760727643501e-05,1.0
6.65121478959918e-05,0.9998979568481445,3.5436325561022386e-05,1.0
6.180351920193061e-05,0.9998803734779358,5.766751564806327e-05,1.0
0.00010648253373801708,0.9998655915260315,2.8004033083561808e-05,1.0
0.9996696710586548,0.00015206862008199096,0.00017824543465394527,0.0
0.9996691942214966,0.00014483308768831193,0.00018586368241813034,0.0
7.813971024006605e-05,0.999882698059082,3.909924635081552e-05,1.0
0.00018692901358008385,0.00047859438927844167,0.9993345737457275,2.0
4.703777449321933e-05,0.9998922348022461,6.0598245909204707e-05,1.0
5.2940744353691116e-05,0.9998651146888733,8.214689296437427e-05,1.0
4.552162499749102e-05,0.999885618686676,6.914440746186301e-05,1.0
6.406899774447083e-05,0.9998994469642639,3.65212545148097e-05,1.0
0.00021992331312503666,0.0002576362749096006,0.99952232837677,2.0
0.00020082920673303306,0.00039273189031518996,0.9994065165519714,2.0
6.964825297472998e-05,0.9998756051063538,5.5027772759785876e-05,1.0
5.5552365665789694e-05,0.999898374080658,4.5987377234268934e-05,1.0
5.538188270293176e-05,0.9998974800109863,4.7210254706442356e-05,1.0
6.343753193505108e-05,0.9998940825462341,4.2596770072123036e-05,1.0
7.224523142213002e-05,0.9998899102210999,3.7938054447295144e-05,1.0
6.247725832508877e-05,0.9999004006385803,3.7359423004090786e-05,1.0
0.00027717070770449936,0.000251700053922832,0.9994712471961975,2.0
9.568601672071964e-05,0.9998735785484314,3.061437018914148e-05,1.0
6.964825297472998e-05,0.9998756051063538,5.5027772759785876e-05,1.0
0.00012774796050507575,0.9995790123939514,0.00029302379698492587,1.0
0.9996796250343323,0.00016598988440819085,0.00015415636880788952,0.0
5.4988169722491875e-05,0.9999017715454102,4.343260297900997e-05,1.0
5.695627260138281e-05,0.9998869895935059,5.6117056374205276e-05,1.0
9.199007035931572e-05,0.9998798966407776,2.8330463464953937e-05,1.0
0.00012527171929832548,0.9998460412025452,2.8617543648579158e-05,1.0
0.00012141415209043771,0.9998531341552734,2.524164847272914e-05,1.0
0.9996801018714905,0.00014591544459108263,0.00017424163524992764,0.0
0.0002464930003043264,0.9997230172157288,3.064252814510837e-05,1.0
0.0002529426710680127,0.00020772850257344544,0.9995394349098206,2.0
6.138422759249806e-05,0.9998779296875,6.082469553803094e-05,1.0
7.655406807316467e-05,0.9998465180397034,7.693714724155143e-05,1.0
0.9996429085731506,0.00012684089597314596,0.00023016970953904092,0.0
6.463729368988425e-05,0.9998196959495544,0.0001158304512500763,1.0
5.883435005671345e-05,0.9998974800109863,4.359211743576452e-05,1.0
0.006021906156092882,0.1393907368183136,0.8545872569084167,2.0
5.9771176893264055e-05,0.9998912811279297,4.896213431493379e-05,1.0
6.062379907234572e-05,0.999901294708252,3.823538645519875e-05,1.0
0.9996739029884338,0.00018960922898259014,0.00013630642206408083,0.0
0.00026243171305395663,0.0003476490965113044,0.9993898868560791,2.0
9.927459905156866e-05,0.999873161315918,2.758438859018497e-05,1.0
0.00012277811765670776,0.9998483657836914,2.9025932235526852e-05,1.0
0.00021368534362409264,0.00033484192681498826,0.999451220035553,2.0
0.0002822228998411447,0.00021898945851717144,0.9994989633560181,2.0
5.7304314395878464e-05,0.999901294708252,4.149656160734594e-05,1.0
5.8483710745349526e-05,0.9998331069946289,0.00010818972805282101,1.0
0.5301598310470581,0.46633315086364746,0.003507033921778202,1.0
5.293150752549991e-05,0.9998979568481445,4.9272555770585313e-05,1.0
4.427437306731008e-05,0.9998812675476074,7.451977580785751e-05,1.0
7.914113666629419e-05,0.9998899102210999,3.09028328047134e-05,1.0
5.168074858374894e-05,0.9997653961181641,0.0001827346859499812,1.0
6.586044037248939e-05,0.9998994469642639,3.470310184638947e-05,1.0
0.6889221668243408,0.30536410212516785,0.005713689606636763,0.0
0.9996734261512756,0.00014652370009571314,0.00017981808923650533,0.0
6.080891762394458e-05,0.9998951554298401,4.404308492667042e-05,1.0
0.00019520950445439667,0.000845018308609724,0.9989596009254456,2.0
6.1002214351901785e-05,0.9998994469642639,3.9512211515102535e-05,1.0
0.00013664676225744188,0.9991721510887146,0.0006910937372595072,1.0
5.177215643925592e-05,0.9998869895935059,6.114065763540566e-05,1.0
6.651779403910041e-05,0.9998965263366699,3.715299681061879e-05,1.0
0.9996801018714905,0.0001827667438192293,0.00013701958232559264,0.0
7.63563220971264e-05,0.999793529510498,0.00012994521239306778,1.0
0.00042934605153277516,0.00013729125203099102,0.9994332194328308,2.0
0.00012527171929832548,0.9998460412025452,2.8617543648579158e-05,1.0
0.9996486902236938,0.00021519152505788952,0.00013624051644001156,0.0
8.701540355104953e-05,0.9998798966407776,3.322778138681315e-05,1.0
6.0761954955523834e-05,0.9999008178710938,3.844867387670092e-05,1.0
4.500677459873259e-05,0.9998793005943298,7.56808731239289e-05,1.0
7.510667637689039e-05,0.9998927116394043,3.2425821700599045e-05,1.0
0.9996734261512756,0.00018009199993684888,0.0001465927343815565,0.0
0.9996649026870728,0.00018166398513130844,0.00015336497745011002,0.0
4.91242426505778e-05,0.9998931288719177,5.788731141365133e-05,1.0
6.691666931146756e-05,0.9998974800109863,3.552582347765565e-05,1.0
8.701540355104953e-05,0.9998798966407776,3.322778138681315e-05,1.0
0.9996752738952637,0.0001839596952777356,0.00014083321730140597,0.0
6.0761954955523834e-05,0.9999008178710938,3.844867387670092e-05,1.0
0.9996843934059143,0.00016793115355540067,0.00014754213043488562,0.0
0.9996429085731506,0.00012684089597314596,0.00023016970953904092,0.0
5.012653855374083e-05,0.9998960494995117,5.402306851465255e-05,1.0
4.456603710423224e-05,0.9998140335083008,0.00014131351781543344,1.0
0.9995728135108948,0.00014974856458138674,0.00027719451463781297,0.0
4.926678229821846e-05,0.9998979568481445,5.2876563131576404e-05,1.0
7.946808909764513e-05,0.9998517036437988,6.88911386532709e-05,1.0
7.220583211164922e-05,0.9998951554298401,3.279765951447189e-05,1.0
7.766119961161166e-05,0.9998899102210999,3.2322608603863046e-05,1.0
0.00011802627705037594,0.9998531341552734,2.8741305868607014e-05,1.0
0.00029326279764063656,0.00018858475959859788,0.9995180368423462,2.0
5.471604526974261e-05,0.999880850315094,6.476799171650782e-05,1.0
5.994591992930509e-05,0.9998974800109863,4.270248246029951e-05,1.0
5.3013798606116325e-05,0.9998679161071777,7.895026647020131e-05,1.0
5.482400956680067e-05,0.9998979568481445,4.7338297008536756e-05,1.0
0.00021648812980856746,0.0003234041796531528,0.9994603395462036,2.0
6.014811879140325e-05,0.9998178482055664,0.00012194993178127334,1.0
7.19701565685682e-05,0.9995790123939514,0.0003488781803753227,1.0
0.00014862828538753092,0.9998255372047424,2.5733656002557836e-05,1.0
0.9996734261512756,0.00018403427384328097,0.00014247496437747031,0.0
0.00010746137559181079,0.9998626708984375,2.9892098609707318e-05,1.0
7.359879236901179e-05,0.9998936057090759,3.2996882509905845e-05,1.0
4.145230195717886e-05,0.9998349547386169,0.00012336931831669062,1.0
7.655406807316467e-05,0.9998465180397034,7.693714724155143e-05,1.0
0.9996662735939026,0.00015326379798352718,0.00018034895765595138,0.0
5.190509546082467e-05,0.9998774528503418,7.067633850965649e-05,1.0
0.9996848702430725,0.00014117773389443755,0.00017411241424269974,0.0
0.9996358156204224,0.0001636418019188568,0.0002003931876970455,0.0
7.623888814123347e-05,0.9998297095298767,9.389507613377646e-05,1.0
7.973788888193667e-05,0.9998831748962402,3.7204335967544466e-05,1.0
8.60304498928599e-05,0.9998692870140076,4.480352799873799e-05,1.0
5.1345359679544345e-05,0.9998979568481445,5.0797138101188466e-05,1.0
0.00013221264816820621,0.9998383522033691,2.9728205845458433e-05,1.0
0.9995928406715393,0.00016077754844445735,0.0002462523989379406,0.0
6.165681406855583e-05,0.999898374080658,4.00760727643501e-05,1.0
8.642787724966183e-05,0.9998835921287537,2.9818298571626656e-05,1.0
6.315334758255631e-05,0.9998999238014221,3.692220343509689e-05,1.0
5.964584488538094e-05,0.999901294708252,3.899873627233319e-05,1.0
5.44955582881812e-05,0.9998965263366699,4.8961293941829354e-05,1.0
0.0003261726233176887,0.00020635897817555815,0.9994675517082214,2.0
7.055693276925012e-05,0.9998865127563477,4.292668745620176e-05,1.0
0.9996748566627502,0.00018495960102882236,0.0001399727916577831,0.0
6.668198329862207e-05,0.9998965263366699,3.7007233913755044e-05,1.0
7.011495472397655e-05,0.9998931288719177,3.657755223684944e-05,1.0
0.6054427623748779,0.38940295577049255,0.0051543619483709335,1.0
7.302256562979892e-05,0.9998927116394043,3.417687548790127e-05,1.0
6.483571632998064e-05,0.9998956322669983,3.973712955485098e-05,1.0
0.00021520671725738794,0.0004974131588824093,0.9992873668670654,2.0
0.9996639490127563,0.00015031803923193365,0.00018595694564282894,0.0
8.714637806406245e-05,0.9998831748962402,2.9665590773220174e-05,1.0
0.00029326279764063656,0.00018858475959859788,0.9995180368423462,2.0
0.00023681049060542136,0.00044109777081757784,0.9993221759796143,2.0
0.9996581077575684,0.00019449740648269653,0.00014756873133592308,0.0
7.12479159119539e-05,0.9998936057090759,3.496013960102573e-05,1.0
4.8809546569827944e-05,0.9999017715454102,4.968614666722715e-05,1.0
0.0002546400355640799,0.00022235087817534804,0.9995228052139282,2.0
0.00019699551921803504,0.9997243881225586,7.844613719498739e-05,1.0
5.442326073534787e-05,0.9998974800109863,4.802666444447823e-05,1.0
0.00021063121675979346,0.00034724007127806544,0.9994422793388367,2.0
4.9123071221401915e-05,0.9998899102210999,6.11198483966291e-05,1.0
0.0001708939962554723,0.9998012185096741,2.7868376491824165e-05,1.0
4.7935289330780506e-05,0.999850332736969,0.00010199662210652605,1.0
0.9994584321975708,9.066889469977468e-05,0.00045080960262566805,0.0
0.6940160989761353,0.29747992753982544,0.008504045195877552,0.0
0.00012598205648828298,0.9997687339782715,0.00010539263166720048,1.0
0.00028990372084081173,0.0002450414467602968,0.9994651079177856,2.0
8.547214383725077e-05,0.9998822212219238,3.237570490455255e-05,1.0
4.969103247276507e-05,0.9998899102210999,6.050550291547552e-05,1.0
0.0002036593941738829,0.9997310638427734,6.530679092975333e-05,1.0
5.51871708012186e-05,0.9999017715454102,4.325448753661476e-05,1.0
9.711020538816229e-05,0.9998178482055664,8.502515993313864e-05,1.0
8.683460328029469e-05,0.9998760223388672,3.707473661052063e-05,1.0
4.944813917973079e-05,0.9999004006385803,5.025539576308802e-05,1.0
7.515102333854884e-05,0.9998931288719177,3.17274643748533e-05,1.0
4.930432987748645e-05,0.999901294708252,4.9498390580993146e-05,1.0
5.5530286772409454e-05,0.9998883605003357,5.627145219477825e-05,1.0
0.9996771812438965,0.00017397032934240997,0.00014875463966745883,0.0
9.07252833712846e-05,0.9998803734779358,2.8820077204727568e-05,1.0
9.500405576545745e-05,0.9998751282691956,3.0050332497921772e-05,1.0
0.0002647209039423615,0.0002050457987934351,0.9995298981666565,2.0
7.766119961161166e-05,0.9998899102210999,3.2322608603863046e-05,1.0
0.9996410608291626,0.0001400392793584615,0.0002189051010645926,0.0
8.273127605207264e-05,0.9998860359191895,3.119955363217741e-05,1.0
5.5568212701473385e-05,0.9999017715454102,4.285187606001273e-05,1.0
0.9996691942214966,0.00014100107364356518,0.00018985550559591502,0.0
0.9996748566627502,0.0001638099638512358,0.00016146885172929615,0.0
5.238727680989541e-05,0.9998483657836914,9.938731818692759e-05,1.0
0.0001563625264680013,0.9997849464416504,5.884260463062674e-05,1.0
5.6835488067008555e-05,0.9999008178710938,4.2136813135584816e-05,1.0
5.510476330528036e-05,0.9998798966407776,6.497424328699708e-05,1.0
5.557573967962526e-05,0.999901294708252,4.3006628402508795e-05,1.0
6.967296940274537e-05,0.9997435212135315,0.00018669135170057416,1.0
0.9996829628944397,0.00016866752412170172,0.000148197723319754,0.0
5.4420197557192296e-05,0.9998979568481445,4.785631244885735e-05,1.0
5.533500007004477e-05,0.9998951554298401,4.975837146048434e-05,1.0
6.010671495459974e-05,0.9999017715454102,3.810463385889307e-05,1.0
0.9996829628944397,0.00016866752412170172,0.000148197723319754,0.0
0.00030800196691416204,0.0011666578939184546,0.9985253214836121,2.0
0.9995241761207581,0.00011284517677268013,0.00036272089346311986,0.0
0.9996433854103088,0.00015024364984128624,0.00020610252977348864,0.0
0.00014346156967803836,0.9998269081115723,2.9592996725114062e-05,1.0
4.807697769138031e-05,0.9998894333839417,6.281115202000365e-05,1.0
7.76509041315876e-05,0.9998679161071777,5.4764132073614746e-05,1.0
5.582849553320557e-05,0.9998999238014221,4.421285120770335e-05,1.0
6.483571632998064e-05,0.9998956322669983,3.973712955485098e-05,1.0
7.048665429465473e-05,0.9998899102210999,3.989695687778294e-05,1.0
0.00019948689441662282,0.00034428018261678517,0.999455988407135,2.0
0.9996719360351562,0.00018156594887841493,0.00014633937098551542,0.0
8.829589205561206e-05,0.9998392462730408,7.264483429025859e-05,1.0
5.95762649027165e-05,0.9999008178710938,3.978707536589354e-05,1.0
4.2455107177374884e-05,0.9998756051063538,8.198879368137568e-05,1.0
0.9996562600135803,0.00017527710588183254,0.00016856123693287373,0.0
7.71105769672431e-05,0.9998879432678223,3.496754652587697e-05,1.0
5.694687570212409e-05,0.9998960494995117,4.684206214733422e-05,1.0
5.0069065764546394e-05,0.9998956322669983,5.441973189590499e-05,1.0
5.010369204683229e-05,0.9998951554298401,5.49578653590288e-05,1.0
0.0002871468896046281,0.000846451090183109,0.9988662600517273,2.0
6.151027628220618e-05,0.9998879432678223,5.052300912211649e-05,1.0
0.0001003423603833653,0.9998717308044434,2.780466093099676e-05,1.0
4.918312333757058e-05,0.9998851418495178,6.577307067345828e-05,1.0
0.8082971572875977,0.005093933083117008,0.18660899996757507,0.0
5.545666135731153e-05,0.9998970031738281,4.7414789150934666e-05,1.0
5.281406993162818e-05,0.9998979568481445,4.9411228246754035e-05,1.0
0.0002660932659637183,0.0001878414477687329,0.9995461702346802,2.0
4.993601396563463e-05,0.999885618686676,6.462448072852567e-05,1.0
0.00016887500532902777,0.999796450138092,3.466198540991172e-05,1.0
0.9996848702430725,0.00014857329369988292,0.0001664448354858905,0.0
7.119085785234347e-05,0.9998931288719177,3.548735912772827e-05,1.0
6.280037632677704e-05,0.9998883605003357,4.869744589086622e-05,1.0
0.9996762275695801,0.0001829362299758941,0.00014076138904783875,0.0
8.061635890044272e-05,0.999885618686676,3.4057171433232725e-05,1.0
0.00018525686755310744,0.9997553825378418,5.9556659834925085e-05,1.0
4.5813598262611777e-05,0.9998927116394043,6.178719195304438e-05,1.0
5.5771444749552757e-05,0.9998979568481445,4.6526314690709114e-05,1.0
5.372261512093246e-05,0.9998970031738281,4.9120542826130986e-05,1.0
6.964825297472998e-05,0.9998756051063538,5.5027772759785876e-05,1.0
0.00025614502374082804,0.00022388481011148542,0.9995198845863342,2.0
0.9996572136878967,0.0001455196616007015,0.00019731742213480175,0.0
0.9996677041053772,0.0001429087860742584,0.00018918677233159542,0.0
0.9996696710586548,0.00015206862008199096,0.00017824543465394527,0.0
7.354666013270617e-05,0.9998894333839417,3.7139601772651076e-05,1.0
6.75386909279041e-05,0.9998936057090759,3.868491330649704e-05,1.0
4.5813598262611777e-05,0.9998927116394043,6.178719195304438e-05,1.0
0.9996767044067383,0.00015541967877652496,0.00016793659597169608,0.0
6.662928353762254e-05,0.999898374080658,3.508776717353612e-05,1.0
5.469794268719852e-05,0.9998999238014221,4.539949441095814e-05,1.0
6.1002214351901785e-05,0.9998994469642639,3.9512211515102535e-05,1.0
0.9996762275695801,0.00017614632088225335,0.00014764459047000855,0.0
0.00011269063543295488,0.9998069405555725,8.02772628958337e-05,1.0
5.085704833618365e-05,0.9998974800109863,5.175788828637451e-05,1.0
5.668543599313125e-05,0.9998717308044434,7.159802044043317e-05,1.0
0.9996824264526367,0.0001347794313915074,0.00018276552145835012,0.0
4.552162499749102e-05,0.999885618686676,6.914440746186301e-05,1.0
0.00020829269487876445,0.9997634887695312,2.8305888918112032e-05,1.0
7.8667449997738e-05,0.9998888373374939,3.26083209074568e-05,1.0
4.506445475271903e-05,0.9998840689659119,7.10098902345635e-05,1.0
5.827170753036626e-05,0.9998899102210999,5.2039558795513585e-05,1.0
0.701485276222229,0.2882663905620575,0.010248282924294472,0.0
4.6884833864169195e-05,0.9998412728309631,0.00011178712884429842,1.0
7.425565127050504e-05,0.9998912811279297,3.4566488466225564e-05,1.0
0.00013209847384132445,0.9998412728309631,2.685217623366043e-05,1.0
7.048127736197785e-05,0.9998927116394043,3.6884794099023566e-05,1.0
6.442165613407269e-05,0.9998994469642639,3.632295920397155e-05,1.0
5.469804455060512e-05,0.9998927116394043,5.274867726257071e-05,1.0
0.00010327975905966014,0.999790608882904,0.00010622368426993489,1.0
0.00013153741019777954,0.9998440146446228,2.415600283711683e-05,1.0
0.9996419548988342,0.0001205111329909414,0.00023761787451803684,0.0
7.12479159119539e-05,0.9998936057090759,3.496013960102573e-05,1.0
0.0002574032114353031,0.00029121770057827234,0.999451220035553,2.0
7.550425652880222e-05,0.9998894333839417,3.502290928736329e-05,1.0
5.953638901701197e-05,0.9998931288719177,4.7555353376083076e-05,1.0
0.0003359734546393156,0.0001897508918773383,0.9994741678237915,2.0
4.3032847315771505e-05,0.9998874664306641,6.952044350327924e-05,1.0
0.0001293701061513275,0.9998460412025452,2.4646535166539252e-05,1.0
5.281406993162818e-05,0.9998979568481445,4.9411228246754035e-05,1.0
4.826818621950224e-05,0.9998979568481445,5.37079649802763e-05,1.0
0.9996391534805298,0.00023892901663202792,0.00012206850806251168,0.0
0.9996739029884338,0.00018665965762920678,0.00013970966392662376,0.0
0.001178208040073514,0.9986214637756348,0.00020052546460647136,1.0
7.887621177360415e-05,0.9998846650123596,3.676247433759272e-05,1.0
6.227393168956041e-05,0.9998974800109863,4.036609607283026e-05,1.0
7.517087942687795e-05,0.9998708367347717,5.426694406196475e-05,1.0
7.550425652880222e-05,0.9998894333839417,3.502290928736329e-05,1.0
5.876229261048138e-05,0.9998508095741272,9.066872007679194e-05,1.0
0.0002572809753473848,0.9993655681610107,0.0003768982132896781,1.0
0.999670147895813,0.00014087057206779718,0.00018904807802755386,0.0
7.19701565685682e-05,0.9995790123939514,0.0003488781803753227,1.0
6.831761129433289e-05,0.9998940825462341,3.7383091694209725e-05,1.0
4.812964107259177e-05,0.9998974800109863,5.426275311037898e-05,1.0
4.96920220030006e-05,0.9998908042907715,5.9528440033318475e-05,1.0
5.325505117070861e-05,0.9998117089271545,0.00013490597484633327,1.0
7.35888970666565e-05,0.9998899102210999,3.658177229226567e-05,1.0
0.9996481537818909,0.00017388706328347325,0.00017803104128688574,0.0
0.9996734261512756,0.00017264184134546667,0.0001539176591904834,0.0
4.417129821376875e-05,0.9997801780700684,0.00017575014499016106,1.0
8.082089334493503e-05,0.9998879432678223,3.137407111353241e-05,1.0
0.9996691942214966,0.0001861583295976743,0.00014462646504398435,0.0
5.4221218306338415e-05,0.9998717308044434,7.38583185011521e-05,1.0
5.502630301634781e-05,0.9998751282691956,6.988971290411428e-05,1.0
0.9996629357337952,0.00020498869707807899,0.00013222728739492595,0.0
5.694991341442801e-05,0.9998979568481445,4.52385465905536e-05,1.0
6.121592741692439e-05,0.9998979568481445,4.098480349057354e-05,1.0
5.1394843467278406e-05,0.9998988509178162,4.987262582289986e-05,1.0
0.9996667504310608,0.00013435464643407613,0.0001991595490835607,0.0
6.442165613407269e-05,0.9998994469642639,3.632295920397155e-05,1.0
0.9995790123939514,0.0003035315021406859,0.00011752487625926733,0.0
0.0001224066800205037,0.9998531341552734,2.430838685540948e-05,1.0
0.9996734261512756,0.00018403427384328097,0.00014247496437747031,0.0
0.00019817131396848708,0.9997420907020569,5.9966667322441936e-05,1.0
0.0001038176633301191,0.9998160004615784,8.048662130022421e-05,1.0
8.030566823435947e-05,0.9998879432678223,3.193266820744611e-05,1.0
7.995902706170455e-05,0.999882698059082,3.729189847945236e-05,1.0
0.9996748566627502,0.00018495960102882236,0.0001399727916577831,0.0
0.00019853224512189627,0.9997044205665588,9.729374869493768e-05,1.0
6.789478356949985e-05,0.9997949600219727,0.0001370032550767064,1.0
0.0001282309676753357,0.9998469352722168,2.4817018129397184e-05,1.0
4.648382309824228e-05,0.9998769760131836,7.656406523892656e-05,1.0
0.00031846677302382886,0.00018069500220008194,0.9995008111000061,2.0
5.091198181617074e-05,0.9998774528503418,7.17432631063275e-05,1.0
8.42788940644823e-05,0.9998751282691956,4.057985279359855e-05,1.0
6.834694067947567e-05,0.9998927116394043,3.923236363334581e-05,1.0
0.999674379825592,0.00017494679195806384,0.0001504703686805442,0.0
0.711301863193512,0.2776661217212677,0.01103205792605877,0.0
9.199007035931572e-05,0.9998798966407776,2.8330463464953937e-05,1.0
0.0001211346170748584,0.9998531341552734,2.5637289581936784e-05,1.0
8.198543946491554e-05,0.9998869895935059,3.085574644501321e-05,1.0
5.3112733439775184e-05,0.9998373985290527,0.00010935881437035277,1.0
4.48142527602613e-05,0.9998951554298401,6.00580133323092e-05,1.0
5.969535777694546e-05,0.9998965263366699,4.3901221943087876e-05,1.0
0.00027265740209259093,0.0002808150020428002,0.999446451663971,2.0
0.0002045928267762065,0.00039322394877672195,0.9994022250175476,2.0
9.858868725132197e-05,0.9998698830604553,3.141961497021839e-05,1.0
0.9996848702430725,0.00016911288548726588,0.00014610690413974226,0.0
4.9578135076444596e-05,0.9998164772987366,0.00013400147145148367,1.0
7.335200643865392e-05,0.9998779296875,4.902942237094976e-05,1.0
0.00021837423264514655,0.000532349688000977,0.999249279499054,2.0
5.372261512093246e-05,0.9998970031738281,4.9120542826130986e-05,1.0
6.980718899285421e-05,0.9998931288719177,3.707067298819311e-05,1.0
0.0001220997073687613,0.9998478889465332,2.9921080567874014e-05,1.0
5.4055224609328434e-05,0.9999004006385803,4.584432463161647e-05,1.0
6.008711352478713e-05,0.9998817443847656,5.8216108300257474e-05,1.0
0.00019948689441662282,0.00034428018261678517,0.999455988407135,2.0
9.348023013444617e-05,0.9998783469200134,2.840093475242611e-05,1.0
5.59440377401188e-05,0.9998970031738281,4.715176692116074e-05,1.0
0.699593722820282,0.2920159101486206,0.00839014258235693,1.0
0.0003359734546393156,0.0001897508918773383,0.9994741678237915,2.0
0.9995900392532349,0.00012201600475236773,0.0002880088868550956,0.0
0.9996667504310608,0.00013876872253604233,0.00019434629939496517,0.0
5.747737304773182e-05,0.9998994469642639,4.336824349593371e-05,1.0
5.220199818722904e-05,0.9998517036437988,9.606857929611579e-05,1.0
5.1066519517917186e-05,0.9998297095298767,0.00011901016841875389,1.0
0.9996496438980103,0.00013172559556551278,0.00021864575683139265,0.0
6.717856740579009e-05,0.999852180480957,8.0730693298392e-05,1.0
5.199828592594713e-05,0.9999004006385803,4.7502730012638494e-05,1.0
7.119085785234347e-05,0.9998931288719177,3.548735912772827e-05,1.0
0.00020771069102920592,0.0008403815445490181,0.9989520311355591,2.0
0.9996762275695801,0.00014395973994396627,0.00017972622299566865,0.0
9.642342774895951e-05,0.9998703598976135,3.333932181703858e-05,1.0
0.9996381402015686,0.00017843117529992014,0.00018365397409070283,0.0
5.866761057404801e-05,0.9998974800109863,4.414585782797076e-05,1.0
0.0004901060601696372,0.00011594538227654994,0.9993941783905029,2.0
7.554545300081372e-05,0.9998894333839417,3.5129956813761964e-05,1.0
0.00020304346980992705,0.0003832598158624023,0.9994137287139893,2.0
5.492417767527513e-05,0.999882698059082,6.258531357161701e-05,1.0
5.125935422256589e-05,0.9998988509178162,5.009117376175709e-05,1.0
5.085704833618365e-05,0.9998974800109863,5.175788828637451e-05,1.0
0.00010111722076544538,0.9998708367347717,2.8205806302139536e-05,1.0
5.671993858413771e-05,0.9998994469642639,4.3794796511065215e-05,1.0
6.694022158626467e-05,0.999898374080658,3.4678781958064064e-05,1.0
5.695627260138281e-05,0.9998869895935059,5.6117056374205276e-05,1.0
5.582849553320557e-05,0.9998999238014221,4.421285120770335e-05,1.0
0.9989586472511292,9.395831875735894e-05,0.0009474970865994692,0.0
6.751776527380571e-05,0.9998817443847656,5.0988852308364585e-05,1.0
0.9996739029884338,0.00017625938926357776,0.00014995892706792802,0.0
7.864411600166932e-05,0.9998783469200134,4.3163792724953964e-05,1.0
0.9996829628944397,0.0001726941845845431,0.00014418453793041408,0.0
0.9996596574783325,0.00017530236800666898,0.00016532241716049612,0.0
6.037776984157972e-05,0.9998508095741272,8.863834227668121e-05,1.0
5.696958032785915e-05,0.9998994469642639,4.368592271930538e-05,1.0
0.000199198693735525,0.0005278202006593347,0.9992730617523193,2.0
7.35888970666565e-05,0.9998899102210999,3.658177229226567e-05,1.0
7.554545300081372e-05,0.9998894333839417,3.5129956813761964e-05,1.0
5.578900163527578e-05,0.9999008178710938,4.3210864532738924e-05,1.0
0.00027494606911204755,0.00025616164202801883,0.9994689226150513,2.0
4.87792058265768e-05,0.9998879432678223,6.343372660921887e-05,1.0
0.9996657967567444,0.00013263900473248214,0.00020138460968155414,0.0
9.348023013444617e-05,0.9998783469200134,2.840093475242611e-05,1.0
0.999494194984436,9.415430395165458e-05,0.00041176911327056587,0.0
5.1394843467278406e-05,0.9998988509178162,4.987262582289986e-05,1.0
9.258829231839627e-05,0.9998735785484314,3.3756805351004004e-05,1.0
0.9996791481971741,0.0001625922304810956,0.00015816841914784163,0.0
0.9996553659439087,0.00013590013259090483,0.00020874349866062403,0.0
5.2930899983039126e-05,0.9998994469642639,4.772759348270483e-05,1.0
5.694687570212409e-05,0.9998960494995117,4.684206214733422e-05,1.0
0.999568521976471,0.00030659936601296067,0.0001246326428372413,0.0
5.3445182857103646e-05,0.9998999238014221,4.6652054152218625e-05,1.0
9.830270573729649e-05,0.9997982978820801,0.00010351108358008787,1.0
0.000288017385173589,0.9996852874755859,2.644363667059224e-05,1.0
8.697956945979968e-05,0.9998764991760254,3.674085019156337e-05,1.0
0.00011229658412048593,0.9998587965965271,2.8784510504920036e-05,1.0
0.00021063121675979346,0.00034724007127806544,0.9994422793388367,2.0
5.290546323521994e-05,0.9998956322669983,5.14697894686833e-05,1.0
0.9996010065078735,0.00012214687012601644,0.0002769588027149439,0.0
0.999438464641571,0.00026084802811965346,0.00030081887962296605,0.0
0.0002067600580630824,0.0003758784441743046,0.9994174242019653,2.0
5.024542406317778e-05,0.9998478889465332,0.00010170959285460413,1.0
5.9678899560822174e-05,0.9998999238014221,4.041694410261698e-05,1.0
0.9996296167373657,0.00012082194734830409,0.0002494147338438779,0.0
8.532156061846763e-05,0.9998840689659119,3.069874583161436e-05,1.0
0.0003125829971395433,0.00015663700469303876,0.9995309710502625,2.0
8.738072210690007e-05,0.999882698059082,2.99566236208193e-05,1.0
0.9996276497840881,0.00011949521285714582,0.0002529971825424582,0.0
5.281406993162818e-05,0.9998979568481445,4.9411228246754035e-05,1.0
0.9996562600135803,0.0002072373899864033,0.00013636323274113238,0.0
5.281406993162818e-05,0.9998979568481445,4.9411228246754035e-05,1.0
7.302256562979892e-05,0.9998927116394043,3.417687548790127e-05,1.0
0.0002521029091440141,0.00025562377413734794,0.999492347240448,2.0
7.914113666629419e-05,0.9998899102210999,3.09028328047134e-05,1.0
7.967586861923337e-05,0.9998894333839417,3.101118272752501e-05,1.0
0.9996814727783203,0.00017864587425719947,0.0001396329462295398,0.0
6.691666931146756e-05,0.9998974800109863,3.552582347765565e-05,1.0
0.9996677041053772,0.0001429087860742584,0.00018918677233159542,0.0
0.9996801018714905,0.0001827667438192293,0.00013701958232559264,0.0
6.231355655472726e-05,0.9998951554298401,4.276014442439191e-05,1.0
0.9996801018714905,0.00017904993728734553,0.00014091502816881984,0.0
8.714637806406245e-05,0.9998831748962402,2.9665590773220174e-05,1.0
0.0003543627099134028,0.00019447998784016818,0.999451220035553,2.0
0.9996358156204224,0.0001636418019188568,0.0002003931876970455,0.0
0.00022294178779702634,0.9996752738952637,0.00010147484135814011,1.0
0.999455988407135,0.00015167365199886262,0.0003923990880139172,0.0
7.302256562979892e-05,0.9998927116394043,3.417687548790127e-05,1.0
0.9996829628944397,0.00014298678433988243,0.00017425160331185907,0.0
0.9996476769447327,0.00012869269994553179,0.00022356583212967962,0.0
0.9995514154434204,0.00012207537656649947,0.0003266065032221377,0.0
4.812964107259177e-05,0.9998974800109863,5.426275311037898e-05,1.0
0.9996762275695801,0.00018406499293632805,0.00013976363698020577,0.0
4.764001278090291e-05,0.9998092651367188,0.00014292882406152785,1.0
0.9996153116226196,0.0001022584256133996,0.00028237610240466893,0.0
6.806658348068595e-05,0.9998951554298401,3.702339745359495e-05,1.0
0.9996829628944397,0.00016866752412170172,0.000148197723319754,0.0
5.2862040320178494e-05,0.9998965263366699,5.062019408796914e-05,1.0
5.866761057404801e-05,0.9998974800109863,4.414585782797076e-05,1.0
5.238802987150848e-05,0.9998999238014221,4.7926372644724324e-05,1.0
5.469804455060512e-05,0.9998927116394043,5.274867726257071e-05,1.0
8.186964259948581e-05,0.9998822212219238,3.574134098016657e-05,1.0
6.055850099073723e-05,0.9998988509178162,4.073506352142431e-05,1.0
8.335319580510259e-05,0.9998722076416016,4.4737564167007804e-05,1.0
0.9996709823608398,0.00016386809875257313,0.00016516135656274855,0.0
0.00033042559516616166,0.00018083221220877022,0.9994889497756958,2.0
0.00012527171929832548,0.9998460412025452,2.8617543648579158e-05,1.0
0.9996724128723145,0.00015555757272522897,0.00017224600014742464,0.0
7.055693276925012e-05,0.9998865127563477,4.292668745620176e-05,1.0
0.9996748566627502,0.0001644073345232755,0.00016055107698775828,0.0
4.901413558400236e-05,0.9997544288635254,0.00019675219664350152,1.0
5.386841803556308e-05,0.9998822212219238,6.401757127605379e-05,1.0
8.874347258824855e-05,0.999880850315094,3.0578739824704826e-05,1.0
5.1913655624957755e-05,0.9998951554298401,5.31617333763279e-05,1.0
0.6997405290603638,0.29306575655937195,0.007193784695118666,1.0
0.6997405290603638,0.29306575655937195,0.007193784695118666,0.0
5.590989894699305e-05,0.9998874664306641,5.652511026710272e-05,1.0
0.9996419548988342,0.00023204440367408097,0.00012604250514414161,0.0
0.9996539354324341,0.00013396544090937823,0.00021239157649688423,0.0
0.9996644258499146,0.0002036411315202713,0.0001317665446549654,0.0
0.00010639077663654462,0.9998655915260315,2.802503513521515e-05,1.0
0.9996691942214966,0.00013209493772592396,0.00019889400573447347,0.0
0.00036432704655453563,0.000149902596604079,0.9994855523109436,2.0
6.964825297472998e-05,0.9998756051063538,5.5027772759785876e-05,1.0
4.963955143466592e-05,0.9998940825462341,5.654640699503943e-05,1.0
6.10623465036042e-05,0.9998226165771484,0.00011656604328891262,1.0
5.1913655624957755e-05,0.9998951554298401,5.31617333763279e-05,1.0
6.651779403910041e-05,0.9998965263366699,3.715299681061879e-05,1.0
5.085704833618365e-05,0.9998974800109863,5.175788828637451e-05,1.0
0.999674379825592,0.00016467222303617746,0.00016105131362564862,0.0
0.9996829628944397,0.00016866752412170172,0.000148197723319754,0.0
0.9996843934059143,0.00016793115355540067,0.00014754213043488562,0.0
0.00021996798750478774,0.0002929396869149059,0.9994871020317078,2.0
4.550227095023729e-05,0.9998894333839417,6.491745443781838e-05,1.0
7.224523142213002e-05,0.9998899102210999,3.7938054447295144e-05,1.0
0.9996553659439087,0.00013945208047516644,0.00020546391897369176,0.0
0.9996677041053772,0.0001452977885492146,0.0001869443221949041,0.0
9.108523954637349e-05,0.9998751282691956,3.37750643666368e-05,1.0
0.00021264735551085323,0.00044353213161230087,0.9993435740470886,2.0
0.9996739029884338,0.00017840937653090805,0.000147949336678721,0.0
4.6594337618444115e-05,0.9998735785484314,8.00090710981749e-05,1.0
0.9996557831764221,0.00017154910892713815,0.0001727151102386415,0.0
0.0003030215739272535,0.00018491619266569614,0.9995118975639343,2.0
0.9995589852333069,0.00014798474148847163,0.0002927576133515686,0.0
6.080891762394458e-05,0.9998951554298401,4.404308492667042e-05,1.0
4.9960974138230085e-05,0.9998988509178162,5.113357838126831e-05,1.0
0.9996709823608398,0.000148527673445642,0.00018032471416518092,0.0
0.9996814727783203,0.00017864587425719947,0.0001396329462295398,0.0
0.9996852874755859,0.00016634103667456657,0.00014827633276581764,0.0
0.0003125829971395433,0.00015663700469303876,0.9995309710502625,2.0
4.826818621950224e-05,0.9998979568481445,5.37079649802763e-05,1.0
5.679517926182598e-05,0.999898374080658,4.481023643165827e-05,1.0
0.0002660932659637183,0.0001878414477687329,0.9995461702346802,2.0
6.691871385555714e-05,0.9998979568481445,3.508763256832026e-05,1.0
0.9996739029884338,0.00017625938926357776,0.00014995892706792802,0.0
4.434536458575167e-05,0.9998740553855896,8.170514774974436e-05,1.0
9.332310582976788e-05,0.9998651146888733,4.148128573433496e-05,1.0
6.299970846157521e-05,0.9999004006385803,3.6669789551524445e-05,1.0
0.0003452547243796289,0.0001533532777102664,0.9995014071464539,2.0
5.5969652748899534e-05,0.999901294708252,4.252220969647169e-05,1.0
6.586044037248939e-05,0.9998994469642639,3.470310184638947e-05,1.0
5.3404681239044294e-05,0.9998994469642639,4.705249011749402e-05,1.0
7.355220441240817e-05,0.9998822212219238,4.418039679876529e-05,1.0
6.907758506713435e-05,0.9998655915260315,6.550783291459084e-05,1.0
0.9996719360351562,0.00016437034355476499,0.00016360529116354883,0.0
4.215248554828577e-05,0.9998636245727539,9.405280434293672e-05,1.0
0.9996677041053772,0.00018917358829639852,0.00014330854173749685,0.0
6.231355655472726e-05,0.9998951554298401,4.276014442439191e-05,1.0
0.7018426656723022,0.2900257408618927,0.008131648413836956,1.0
5.5254262406378984e-05,0.9998979568481445,4.6654193283757195e-05,1.0
5.103827788843773e-05,0.999901294708252,4.7956818889360875e-05,1.0
0.0002314022131031379,0.00027630850672721863,0.999492347240448,2.0
0.9996596574783325,0.00017530236800666898,0.00016532241716049612,0.0
0.7178497314453125,0.2742919623851776,0.007858223281800747,0.0
5.269457687973045e-05,0.9998940825462341,5.33636448381003e-05,1.0
0.9996677041053772,0.00018042635929305106,0.0001517527998657897,0.0
6.406899774447083e-05,0.9998994469642639,3.65212545148097e-05,1.0
4.404056744533591e-05,0.999885618686676,7.058196933940053e-05,1.0
0.9996829628944397,0.00016866752412170172,0.000148197723319754,0.0
4.878795152762905e-05,0.9998979568481445,5.319251795299351e-05,1.0
0.0003452547243796289,0.0001533532777102664,0.9995014071464539,2.0
6.834694067947567e-05,0.9998927116394043,3.923236363334581e-05,1.0
7.510667637689039e-05,0.9998927116394043,3.2425821700599045e-05,1.0
4.648382309824228e-05,0.9998769760131836,7.656406523892656e-05,1.0
6.0063048294978216e-05,0.9998965263366699,4.3504238419700414e-05,1.0
0.9996358156204224,0.00012168783723609522,0.0002425921120448038,0.0
0.999671459197998,0.00018598655879031867,0.0001422552886651829,0.0
8.532156061846763e-05,0.9998840689659119,3.069874583161436e-05,1.0
8.701540355104953e-05,0.9998798966407776,3.322778138681315e-05,1.0
0.8611239194869995,0.005068100988864899,0.13380786776542664,0.0
5.965557647868991e-05,0.999901294708252,3.924849443137646e-05,1.0
0.9996724128723145,0.0001629699399927631,0.0001645693846512586,0.0
7.048665429465473e-05,0.9998899102210999,3.989695687778294e-05,1.0
9.72544148680754e-05,0.9998421669006348,6.0431404563132674e-05,1.0
5.647009675158188e-05,0.9998965263366699,4.702400110545568e-05,1.0
7.94759689597413e-05,0.9998899102210999,3.083718547713943e-05,1.0
0.0003775855584535748,0.0001721970475045964,0.9994503259658813,2.0
6.014616519678384e-05,0.9998140335083008,0.00012568636157084256,1.0
4.861623892793432e-05,0.9998831748962402,6.835945532657206e-05,1.0
4.774412082042545e-05,0.9998946785926819,5.7766483223531395e-05,1.0
0.0002697966410778463,0.00019175687339156866,0.9995385408401489,2.0
7.76509041315876e-05,0.9998679161071777,5.4764132073614746e-05,1.0
0.00038995477370917797,0.00015998005983419716,0.9994498491287231,2.0
0.00016576920461375266,0.9997873902320862,4.694451854447834e-05,1.0
7.636062218807638e-05,0.9998912811279297,3.2339845347451046e-05,1.0
0.00010793043475132436,0.9998655915260315,2.63611782429507e-05,1.0
5.9832083934452385e-05,0.9998874664306641,5.2855939429719e-05,1.0
5.788079943158664e-05,0.9999027252197266,3.9312591979978606e-05,1.0
0.004612631164491177,0.9387113451957703,0.05667588859796524,1.0
7.602491677971557e-05,0.9997705817222595,0.0001532772439531982,1.0
5.010369204683229e-05,0.9998951554298401,5.49578653590288e-05,1.0
6.806658348068595e-05,0.9998951554298401,3.702339745359495e-05,1.0
0.000288017385173589,0.9996852874755859,2.644363667059224e-05,1.0
0.7858702540397644,0.03056195005774498,0.18356779217720032,0.0
7.119085785234347e-05,0.9998931288719177,3.548735912772827e-05,1.0
6.049436706234701e-05,0.9998883605003357,5.113572478876449e-05,1.0
4.418284152052365e-05,0.9998912811279297,6.434828537749127e-05,1.0
