0,1,2,label
1.8876928152167238e-05,0.999976634979248,4.616026217263425e-06,1.0
4.571108365780674e-05,0.0002952009381260723,0.9996591806411743,2.0
0.9998988509178162,3.660208312794566e-05,6.43552775727585e-05,0.0
0.9999399185180664,3.792423740378581e-05,2.205865348514635e-05,0.0
1.46507418321562e-05,0.9999752044677734,1.0259107511956245e-05,1.0
1.9264833099441603e-05,0.9999756813049316,5.062885520601412e-06,1.0
7.974507752805948e-06,8.890408935258165e-05,0.9999027252197266,2.0
1.8594993889564648e-05,0.999976634979248,4.982777227269253e-06,1.0
1.568680272612255e-05,0.9999756813049316,8.643831279186998e-06,1.0
2.3259641238837503e-05,0.9999733567237854,3.60049557457387e-06,1.0
1.6477439203299582e-05,0.9999770522117615,6.5969093157036696e-06,1.0
1.8057466149912216e-05,0.9999775290489197,4.579610049404437e-06,1.0
0.999938428401947,3.736829603440128e-05,2.413716538285371e-05,0.0
0.9999251365661621,3.763115091715008e-05,3.707311407197267e-05,0.0
1.9398125004954636e-05,0.9999756813049316,4.74049556942191e-06,1.0
5.857393716723891e-06,7.612344052176923e-05,0.9999179244041443,2.0
0.015327389352023602,0.04833890125155449,0.9363337755203247,2.0
1.4887590623402502e-05,0.999976634979248,8.404103937209584e-06,1.0
0.9998974800109863,5.746592069044709e-05,4.534380786935799e-05,0.0
2.0910521925543435e-05,0.9999756813049316,3.4803940707206493e-06,1.0
2.1288708012434654e-05,0.9999747276306152,4.009210897493176e-06,1.0
2.155157199013047e-05,0.999974250793457,4.317917046137154e-06,1.0
0.014217703603208065,0.9818995594978333,0.0038827660027891397,1.0
1.8270968212164007e-05,0.9999770522117615,4.561617060971912e-06,1.0
1.973709549929481e-05,0.9999756813049316,4.694274593930459e-06,1.0
1.6309595594066195e-05,0.999976634979248,7.0814608079672325e-06,1.0
1.4446426575887017e-05,0.9999747276306152,1.0941570508293808e-05,1.0
1.7568001567269675e-05,0.9999775290489197,5.153828624315793e-06,1.0
1.8794853531289846e-05,0.9999756813049316,5.7570823628338985e-06,1.0
8.715031981409993e-06,9.404410957358778e-05,0.9998970031738281,2.0
1.9222276023356244e-05,0.9999756813049316,5.119776687934063e-06,1.0
1.6411588148912415e-05,0.9999770522117615,6.564012437593192e-06,1.0
1.8547387298895046e-05,0.9999756813049316,5.632194643112598e-06,1.0
2.1612968339468352e-05,0.0001758711732691154,0.9998025894165039,2.0
1.991729368455708e-05,0.999976634979248,3.511251861709752e-06,1.0
2.0825704268645495e-05,0.9999752044677734,3.999450200353749e-06,1.0
1.2711061572190374e-05,0.999969482421875,1.78977643372491e-05,1.0
1.567884646647144e-05,0.9999727606773376,1.1712949344655499e-05,1.0
5.342558779375395e-06,7.917910988908261e-05,0.9999151825904846,2.0
1.7492218830739148e-05,0.9999781250953674,4.549144250631798e-06,1.0
1.6546571714570746e-05,0.9999781250953674,5.64296351512894e-06,1.0
1.515027088316856e-05,0.999974250793457,1.0564817785052583e-05,1.0
0.9649520516395569,0.032168883830308914,0.0028790715150535107,0.0
5.313291694619693e-06,7.726500916760415e-05,0.9999170303344727,2.0
0.9999399185180664,3.714927515829913e-05,2.3182908989838324e-05,0.0
0.9999294877052307,3.4189328289357945e-05,3.6507011827779934e-05,0.0
1.6301650248351507e-05,0.9999770522117615,6.552591912623029e-06,1.0
2.0621764633688144e-05,0.9999752044677734,4.223761607136112e-06,1.0
2.1380450561991893e-05,0.9999747276306152,4.12965800933307e-06,1.0
0.9953905940055847,0.002290379721671343,0.002319027204066515,0.0
1.3874323485651985e-05,0.9999752044677734,1.0907740943366662e-05,1.0
1.774050724634435e-05,0.999976634979248,5.518235411727801e-06,1.0
1.9748711565625854e-05,0.9999747276306152,5.4109868870000355e-06,1.0
1.6650714314891957e-05,0.9999775290489197,5.6757303354970645e-06,1.0
2.2037920643924735e-05,0.9999733567237854,4.578383141051745e-06,1.0
2.034863064181991e-05,0.9999756813049316,4.086547050974332e-06,1.0
1.8452592485118657e-05,0.9999770522117615,4.6660175030410755e-06,1.0
0.9999256134033203,4.1876577597577125e-05,3.277637006249279e-05,0.0
0.9999251365661621,3.4346947359154e-05,4.080820508534089e-05,0.0
1.780278944352176e-05,0.9999770522117615,5.175268142920686e-06,1.0
5.383860752772307e-06,7.561169331893325e-05,0.9999189972877502,2.0
1.616541158000473e-05,0.9999770522117615,6.690948339382885e-06,1.0
2.131430483132135e-05,0.999974250793457,4.370857368485304e-06,1.0
1.6552899978705682e-05,0.9999781250953674,5.6372996368736494e-06,1.0
1.7238724467460997e-05,0.9999775290489197,5.384898031479679e-06,1.0
5.319898718880722e-06,7.687795732636005e-05,0.9999179244041443,2.0
5.383573352446547e-06,8.028828597161919e-05,0.9999142289161682,2.0
1.858138057286851e-05,0.9999761581420898,5.213192707742564e-06,1.0
2.1894549718126655e-05,0.999974250793457,3.8226180549827404e-06,1.0
1.8534337868914008e-05,0.9999770522117615,4.674422143580159e-06,1.0
1.865335798356682e-05,0.9999770522117615,4.4493017412605695e-06,1.0
1.7162528820335865e-05,0.999976634979248,6.055760422896128e-06,1.0
2.1097108401590958e-05,0.9999747276306152,4.030740910820896e-06,1.0
2.7247479010839015e-05,0.00020654582476709038,0.9997662901878357,2.0
2.0422918169060722e-05,0.9999756813049316,4.216629804432159e-06,1.0
1.858138057286851e-05,0.9999761581420898,5.213192707742564e-06,1.0
1.7626553017180413e-05,0.9999775290489197,5.057172074884875e-06,1.0
0.9999299645423889,3.380644920980558e-05,3.619529161369428e-05,0.0
1.6211510228458792e-05,0.9999786019325256,5.459274234453915e-06,1.0
2.0327548554632813e-05,0.9999756813049316,3.979783286922611e-06,1.0
2.0366240278235637e-05,0.9999756813049316,3.996979103249032e-06,1.0
2.009116724366322e-05,0.9999761581420898,3.6949097648175666e-06,1.0
2.1947040295344777e-05,0.999974250793457,3.7268737287377007e-06,1.0
0.9999117851257324,5.364873504731804e-05,3.480551458778791e-05,0.0
1.9070630514761433e-05,0.9999761581420898,4.8404053814010695e-06,1.0
5.320709988154704e-06,7.649123290320858e-05,0.9999179244041443,2.0
1.9684481230797246e-05,0.9999752044677734,5.213650183577556e-06,1.0
2.0026716811116785e-05,0.9999761581420898,4.098282715858659e-06,1.0
0.9999189972877502,3.36991943186149e-05,4.73717154818587e-05,0.0
1.9853971025440842e-05,0.9999761581420898,4.090902621101122e-06,1.0
1.6779018551460467e-05,0.9999775290489197,5.468873496283777e-06,1.0
0.004781368188560009,0.0158467385917902,0.9793717861175537,2.0
1.88347403309308e-05,0.9999761581420898,5.2982691158831585e-06,1.0
1.7630287402425893e-05,0.9999770522117615,5.52710980628035e-06,1.0
0.999939501285553,3.7146619433769956e-05,2.318577935511712e-05,0.0
6.113115523476154e-05,0.00036379238008521497,0.9995752573013306,2.0
1.765074375725817e-05,0.9999781250953674,4.310881195124239e-06,1.0
2.2662747142021544e-05,0.9999738335609436,3.6251133224141086e-06,1.0
5.346295438357629e-06,7.600693788845092e-05,0.9999189972877502,2.0
5.3252128964231815e-06,7.640287367394194e-05,0.9999179244041443,2.0
2.212341314589139e-05,0.9999727606773376,5.026950930187013e-06,1.0
1.818344389903359e-05,0.9999775290489197,4.240317139192484e-06,1.0
0.7298135161399841,0.26193127036094666,0.008255242370069027,1.0
2.0743620552821085e-05,0.9999752044677734,4.325608188082697e-06,1.0
1.530676854599733e-05,0.999976634979248,8.077385245996993e-06,1.0
2.2455740690929815e-05,0.999974250793457,3.2502400699740974e-06,1.0
2.0523353668977506e-05,0.9999752044677734,4.137573796469951e-06,1.0
2.148348357877694e-05,0.9999747276306152,4.031929165648762e-06,1.0
0.8030669093132019,0.19532917439937592,0.0016037707682698965,0.0
0.999910831451416,3.451691009104252e-05,5.466081347549334e-05,0.0
1.494332082074834e-05,0.9999761581420898,8.78712125995662e-06,1.0
5.332536602509208e-06,7.630631444044411e-05,0.9999179244041443,2.0
1.7982711142394692e-05,0.9999770522117615,4.9079271775553934e-06,1.0
2.1419531549327075e-05,0.9999747276306152,3.932273102691397e-06,1.0
1.6029107428039424e-05,0.9999781250953674,6.115375072113238e-06,1.0
1.568680272612255e-05,0.9999756813049316,8.643831279186998e-06,1.0
0.9999242424964905,3.456292688497342e-05,4.148686275584623e-05,0.0
2.325105742784217e-05,0.9999727606773376,3.966207259509247e-06,1.0
0.000267356721451506,0.001344294403679669,0.9983882308006287,2.0
2.0089075405849144e-05,0.9999761581420898,3.6955616451450624e-06,1.0
0.9999074935913086,4.312249075155705e-05,4.947125489707105e-05,0.0
1.8622376956045628e-05,0.999976634979248,4.809814072359586e-06,1.0
1.896500361908693e-05,0.9999761581420898,4.719569460576167e-06,1.0
2.1580035536317155e-05,0.999974250793457,4.006833478342742e-06,1.0
1.866138154582586e-05,0.999976634979248,4.497783265833277e-06,1.0
0.9999313354492188,3.9739861676935107e-05,2.8806916816392913e-05,0.0
0.9999094605445862,3.8905051042092964e-05,5.174150282982737e-05,0.0
1.8522428945288993e-05,0.9999761581420898,5.336392405297374e-06,1.0
1.939706999110058e-05,0.9999747276306152,5.889669409953058e-06,1.0
1.8622376956045628e-05,0.999976634979248,4.809814072359586e-06,1.0
0.9999208450317383,3.490383824100718e-05,4.409070243127644e-05,0.0
1.896500361908693e-05,0.9999761581420898,4.719569460576167e-06,1.0
0.9999390244483948,3.774397191591561e-05,2.3412354494212195e-05,0.0
0.9999189972877502,3.369482510606758e-05,4.7371260734507814e-05,0.0
1.756351048243232e-05,0.999976634979248,6.093015144870151e-06,1.0
1.9324637833051383e-05,0.9999752044677734,5.447822331916541e-06,1.0
0.993981659412384,0.005668885074555874,0.0003494365664664656,0.0
2.070782647933811e-05,0.999974250793457,5.270651854516473e-06,1.0
1.7597512851352803e-05,0.9999775290489197,4.854264716414036e-06,1.0
2.025254798354581e-05,0.9999752044677734,4.379185156722087e-06,1.0
1.8899605493061244e-05,0.9999761581420898,5.151140612724703e-06,1.0
2.249719727842603e-05,0.9999738335609436,3.5465211567498045e-06,1.0
5.66572452953551e-06,7.552211172878742e-05,0.9999189972877502,2.0
2.0862897144979797e-05,0.999974250793457,4.789600552612683e-06,1.0
1.841584889916703e-05,0.999976634979248,4.879486368736252e-06,1.0
1.3926170140621252e-05,0.999976634979248,9.627360668673646e-06,1.0
1.6646285075694323e-05,0.9999775290489197,5.852150934515521e-06,1.0
5.517319550563116e-06,8.317659376189113e-05,0.9999113082885742,2.0
1.459919167245971e-05,0.9999770522117615,8.467659426969476e-06,1.0
2.3349319235421717e-05,0.9999733567237854,3.508949021124863e-06,1.0
1.4446703971771058e-05,0.9999770522117615,8.34696038509719e-06,1.0
0.9999390244483948,3.797240788117051e-05,2.2961401555221528e-05,0.0
1.891359715955332e-05,0.9999756813049316,5.3132011998968665e-06,1.0
1.9706625607796013e-05,0.999976634979248,3.736503686013748e-06,1.0
1.9558136045816354e-05,0.9999761581420898,4.300377440813463e-06,1.0
2.0034169210703112e-05,0.9999761581420898,4.0979271034302656e-06,1.0
0.999454140663147,0.0004286117327865213,0.0001172096817754209,0.0
1.8094771803589538e-05,0.9999770522117615,4.680809979618061e-06,1.0
0.9999217987060547,4.348785296315327e-05,3.4551689168438315e-05,0.0
0.9999184012413025,3.3849810279207304e-05,4.768673898070119e-05,0.0
1.6206349755520932e-05,0.9999775290489197,6.3239554037863854e-06,1.0
1.5044845895317849e-05,0.999976634979248,8.236886060331017e-06,1.0
2.2781367079005577e-05,0.999974250793457,3.224263991796761e-06,1.0
1.6548023268114775e-05,0.9999781250953674,5.6422259149258025e-06,1.0
1.7251122699235566e-05,0.9999775290489197,5.3709936764789745e-06,1.0
0.9999327063560486,4.007423922303133e-05,2.7029715056414716e-05,0.0
1.6654381397529505e-05,0.9999775290489197,5.677852186636301e-06,1.0
1.8409335098112933e-05,0.9999722838401794,9.530909665045328e-06,1.0
1.7325086446362548e-05,0.9999775290489197,5.252888058748795e-06,1.0
1.6309595594066195e-05,0.999976634979248,7.0814608079672325e-06,1.0
1.6417319784522988e-05,0.9999781250953674,5.6800399761414155e-06,1.0
5.37243795406539e-06,7.570136949652806e-05,0.9999189972877502,2.0
2.2208096197573468e-05,0.999974250793457,3.871186891046818e-06,1.0
0.9999308586120605,3.560196637408808e-05,3.337826274218969e-05,0.0
1.9211902326787822e-05,0.999976634979248,4.154492216912331e-06,1.0
2.1938378267805092e-05,0.9999738335609436,4.318246283219196e-06,1.0
0.6522533297538757,0.3406239449977875,0.007122665643692017,1.0
1.74647484527668e-05,0.9999770522117615,5.381581559049664e-06,1.0
1.8541071767685935e-05,0.9999761581420898,5.269189387036022e-06,1.0
7.238442776724696e-06,8.393830648856238e-05,0.9999083876609802,2.0
0.9999242424964905,3.412004662095569e-05,4.174662899458781e-05,0.0
2.0988461983506568e-05,0.9999738335609436,5.441725988930557e-06,1.0
5.666114248015219e-06,7.55181536078453e-05,0.9999189972877502,2.0
1.1319400982756633e-05,0.00011297763558104634,0.9998760223388672,2.0
0.999915599822998,3.832080619758926e-05,4.602906119544059e-05,0.0
2.155588663299568e-05,0.9999738335609436,4.833025286643533e-06,1.0
1.803851773729548e-05,0.9999747276306152,7.420811925840098e-06,1.0
5.355644134397153e-06,7.941498188301921e-05,0.9999151825904846,2.0
1.990671626117546e-05,0.9999756813049316,4.453334440768231e-06,1.0
1.4649958757217973e-05,0.9999752044677734,1.0258813745167572e-05,1.0
5.342558779375395e-06,7.917910988908261e-05,0.9999151825904846,2.0
1.4990737327025272e-05,0.9999761581420898,8.914253157854546e-06,1.0
3.0325707484735176e-05,0.9999608993530273,8.866899406712037e-06,1.0
1.836603769334033e-05,0.999976634979248,5.044301360612735e-06,1.0
0.9998965263366699,4.0449562220601365e-05,6.297694199020043e-05,0.0
0.7097519636154175,0.28307604789733887,0.007171823643147945,0.0
2.0499683159869164e-05,0.9999756813049316,3.7452905417012516e-06,1.0
6.4344817474193405e-06,7.858166645746678e-05,0.9999151825904846,2.0
2.120733006449882e-05,0.9999747276306152,4.231518687447533e-06,1.0
1.9586190319387242e-05,0.9999770522117615,3.5865748486685334e-06,1.0
1.8461410945747048e-05,0.9999761581420898,5.324040557752596e-06,1.0
1.645311749598477e-05,0.9999781250953674,5.528886504180264e-06,1.0
1.9719842384802178e-05,0.9999756813049316,4.759815965371672e-06,1.0
1.922504452522844e-05,0.9999756813049316,5.1199526751588564e-06,1.0
1.6092624719021842e-05,0.9999781250953674,5.926636276853969e-06,1.0
1.6266210877802223e-05,0.9999781250953674,5.630315172311384e-06,1.0
2.0264313207007945e-05,0.999974250793457,5.687406428478425e-06,1.0
1.87645127880387e-05,0.9999752044677734,6.337968898151303e-06,1.0
0.9999337792396545,3.481099338387139e-05,3.135639417450875e-05,0.0
1.7981134078581817e-05,0.9999770522117615,4.784136308444431e-06,1.0
1.8695744074648246e-05,0.9999761581420898,5.198130565986503e-06,1.0
5.376395165512804e-06,7.596801879117265e-05,0.9999189972877502,2.0
1.8901246221503243e-05,0.9999761581420898,5.1522165449569e-06,1.0
0.9998269081115723,5.4043575801188126e-05,0.00011894288763869554,0.0
1.941576374520082e-05,0.9999756813049316,5.1029496717092115e-06,1.0
2.2273381546256132e-05,0.9999738335609436,3.984792328992626e-06,1.0
0.9999308586120605,3.517699224175885e-05,3.3941902074730024e-05,0.0
0.9999356269836426,3.693245162139647e-05,2.748216866166331e-05,0.0
1.8839969925465994e-05,0.999976634979248,4.543984232441289e-06,1.0
1.8764765627565794e-05,0.9999756813049316,5.655020231642993e-06,1.0
1.7619075151742436e-05,0.9999761581420898,6.071963980502915e-06,1.0
2.0427843992365524e-05,0.9999752044677734,4.445539616426686e-06,1.0
1.8774717318592593e-05,0.999976634979248,4.77501998830121e-06,1.0
1.8462993466528133e-05,0.999976634979248,4.765825451613637e-06,1.0
0.9999390244483948,3.6145098420092836e-05,2.4738470528973266e-05,0.0
2.1872239813092165e-05,0.9999747276306152,3.5778018627752317e-06,1.0
1.7568687326274812e-05,0.9999775290489197,5.1528159019653685e-06,1.0
2.0402610971359536e-05,0.9999756813049316,3.956460659537697e-06,1.0
0.9999390244483948,3.6145098420092836e-05,2.4738470528973266e-05,0.0
0.00020956249500159174,0.0010667855385690928,0.9987238049507141,2.0
0.9999284148216248,3.655383625300601e-05,3.519903839332983e-05,0.0
0.999855101108551,7.22220866009593e-05,7.29216480976902e-05,0.0
1.981704554054886e-05,0.9999761581420898,4.163992798567051e-06,1.0
1.9618064470705576e-05,0.9999761581420898,4.3468216972541995e-06,1.0
1.5017869372968562e-05,0.9999756813049316,9.539222446619533e-06,1.0
1.9731920474441722e-05,0.9999761581420898,4.13076077165897e-06,1.0
1.854001311585307e-05,0.9999761581420898,5.2716018217324745e-06,1.0
1.355601580144139e-05,0.9999733567237854,1.3137449968780857e-05,1.0
5.81692347623175e-06,8.883222471922636e-05,0.9999055862426758,2.0
0.9999303817749023,3.690896846819669e-05,3.274309710832313e-05,0.0
1.5451925719389692e-05,0.9999770522117615,7.25231075193733e-06,1.0
1.899562994367443e-05,0.9999761581420898,5.134445473231608e-06,1.0
1.7866095731733367e-05,0.999976634979248,5.537308425118681e-06,1.0
0.9999331831932068,3.460752122919075e-05,3.2396888855146244e-05,0.0
1.9097604308626615e-05,0.999976634979248,4.499168881011428e-06,1.0
1.877314025477972e-05,0.999976634979248,4.624177108780714e-06,1.0
1.9921169950976036e-05,0.9999752044677734,4.724852260551415e-06,1.0
2.1434490918181837e-05,0.9999747276306152,3.6390549666975858e-06,1.0
0.00019408886146266013,0.0009990019025281072,0.9988067150115967,2.0
1.9735476598725654e-05,0.9999756813049316,4.6934019337641075e-06,1.0
1.913734922709409e-05,0.9999761581420898,4.9172590479429346e-06,1.0
1.9478504327707924e-05,0.9999761581420898,4.4555181375471875e-06,1.0
0.9219838380813599,0.010080689564347267,0.06793563067913055,0.0
2.014509664149955e-05,0.9999747276306152,5.036803031543968e-06,1.0
2.234823659819085e-05,0.999974250793457,3.6919016110914527e-06,1.0
5.3499979912885465e-06,7.606219878653064e-05,0.9999189972877502,2.0
1.5846002497710288e-05,0.9999770522117615,7.071601430652663e-06,1.0
1.85928656719625e-05,0.999976634979248,4.981004622095497e-06,1.0
0.9998908042907715,5.770932693849318e-05,5.15192914463114e-05,0.0
1.8514621842768975e-05,0.999976634979248,5.109172889206093e-06,1.0
1.5210582205327228e-05,0.9999775290489197,7.07786875864258e-06,1.0
0.9999379515647888,3.9211608964251354e-05,2.270030017825775e-05,0.0
2.1321786334738135e-05,0.9999752044677734,3.530842377585941e-06,1.0
1.7213047613040544e-05,0.9999747276306152,8.259194146376103e-06,1.0
1.9525670722941868e-05,0.9999761581420898,4.186054866295308e-06,1.0
1.786607754183933e-05,0.9999770522117615,5.181638698559254e-06,1.0
2.1839368855580688e-05,0.999974250793457,3.983633632742567e-06,1.0
1.858138057286851e-05,0.9999761581420898,5.213192707742564e-06,1.0
5.3719872994406614e-06,7.579998055007309e-05,0.9999189972877502,2.0
0.9998226165771484,6.818691326770931e-05,0.00010916988685494289,0.0
0.9999099373817444,3.81128083972726e-05,5.2106006478425115e-05,0.0
0.9999256134033203,4.1876577597577125e-05,3.277637006249279e-05,0.0
2.3831422367948107e-05,0.9999727606773376,3.6211531551089138e-06,1.0
2.5364619432366453e-05,0.9999685883522034,6.247668807191076e-06,1.0
1.9523957234923728e-05,0.9999761581420898,4.18718445871491e-06,1.0
0.9999231696128845,3.42790772265289e-05,4.23248166043777e-05,0.0
1.6299985873047262e-05,0.9999770522117615,6.5536041802261025e-06,1.0
1.7213556930073537e-05,0.9999770522117615,5.9032886383647565e-06,1.0
1.7987616956816055e-05,0.9999770522117615,4.910670213575941e-06,1.0
0.9999313354492188,3.623697557486594e-05,3.243466926505789e-05,0.0
2.4243701773229986e-05,0.9999718070030212,3.919184564438183e-06,1.0
1.7765174561645836e-05,0.9999761581420898,5.942682037129998e-06,1.0
1.841746416175738e-05,0.9999752044677734,6.19493039266672e-06,1.0
0.9998069405555725,0.00013177735672798008,6.131641566753387e-05,0.0
1.6552899978705682e-05,0.9999781250953674,5.6372996368736494e-06,1.0
2.369680441915989e-05,0.9999738335609436,2.723966872508754e-06,1.0
2.559444328653626e-05,0.9999718070030212,2.440202706566197e-06,1.0
1.889016493805684e-05,0.9999756813049316,5.427970336313592e-06,1.0
3.785001899814233e-05,0.9999575018882751,4.76649393021944e-06,1.0
0.7536578178405762,0.23576222360134125,0.010580044239759445,0.0
1.9941868231398985e-05,0.9999761581420898,3.978109816671349e-06,1.0
1.8611688574310392e-05,0.9999761581420898,5.423809852800332e-06,1.0
1.9078017430729233e-05,0.9999752044677734,5.664990112563828e-06,1.0
1.998905099753756e-05,0.9999756813049316,4.254392933944473e-06,1.0
2.2141968656796962e-05,0.9999738335609436,4.1868133848765865e-06,1.0
2.0309778847149573e-05,0.9999752044677734,4.452409029909177e-06,1.0
2.0215980839566328e-05,0.9999752044677734,4.481277755985502e-06,1.0
2.1721656594309025e-05,0.9999738335609436,4.392360551719321e-06,1.0
0.9999313354492188,4.504215394263156e-05,2.3531034457846545e-05,0.0
2.154869434889406e-05,0.9999738335609436,4.8334677558159456e-06,1.0
5.320335276337573e-06,7.670658669667318e-05,0.9999179244041443,2.0
1.9498280380503275e-05,0.9999752044677734,5.117531145515386e-06,1.0
2.0808154658880085e-05,0.9999752044677734,3.808695282714325e-06,1.0
5.313287147146184e-06,7.726530748186633e-05,0.9999170303344727,2.0
1.6057136235758662e-05,0.9999770522117615,6.7809337451762985e-06,1.0
2.1234813175396994e-05,0.999974250793457,4.379503025120357e-06,1.0
2.234895873698406e-05,0.999974250793457,3.692753807627014e-06,1.0
2.235454485344235e-05,0.9999733567237854,4.483188604353927e-06,1.0
0.9999374747276306,3.6682911741081625e-05,2.5932567950803787e-05,0.0
0.9999222755432129,3.726949944393709e-05,4.036324753542431e-05,0.0
1.9480956325423904e-05,0.9999761581420898,4.66664050691179e-06,1.0
2.0357425455586053e-05,0.9999756813049316,4.21317281507072e-06,1.0
1.854187030403409e-05,0.9999770522117615,4.491002528084209e-06,1.0
1.7720247342367657e-05,0.999976634979248,5.540287475014338e-06,1.0
1.9499395421007648e-05,0.9999752044677734,5.119054549140856e-06,1.0
1.9643635823740624e-05,0.9999756813049316,4.728079602500657e-06,1.0
2.5916053346008994e-05,0.9999713897705078,2.7086159661848797e-06,1.0
0.9999284148216248,4.656808596337214e-05,2.4849861802067608e-05,0.0
2.334889541089069e-05,0.9999733567237854,3.5097352792945458e-06,1.0
2.170680818380788e-05,0.9999747276306152,3.6539145185088273e-06,1.0
2.1677888071280904e-05,0.9999747276306152,3.756515980057884e-06,1.0
1.5396750313811935e-05,0.9999770522117615,7.59477779865847e-06,1.0
1.746036832628306e-05,0.9999775290489197,5.059125669504283e-06,1.0
1.7829635908128694e-05,0.999976634979248,5.6756703088467475e-06,1.0
0.9996405839920044,0.0002972878864966333,6.207553815329447e-05,0.0
0.9999361038208008,3.576626841095276e-05,2.8128175472375005e-05,0.0
1.7840182408690453e-05,0.999976634979248,5.321979188011028e-06,1.0
1.9622571926447563e-05,0.9999752044677734,5.006951596442377e-06,1.0
0.9999208450317383,3.948463927372359e-05,3.9650825783610344e-05,0.0
2.4096134438877925e-05,0.9999733567237854,2.898284947150387e-06,1.0
1.8419817934045568e-05,0.9999756813049316,5.957367648079526e-06,1.0
0.999938428401947,3.658892455860041e-05,2.4888688130886294e-05,0.0
1.800756035663653e-05,0.9999761581420898,5.721548859582981e-06,1.0
2.270928780490067e-05,0.9999733567237854,4.071546754857991e-06,1.0
1.974600127141457e-05,0.9999756813049316,4.367145265860017e-06,1.0
0.999931812286377,5.484775101649575e-05,1.3497075997292995e-05,0.0
2.2145834009279497e-05,0.9999738335609436,4.1867774598358665e-06,1.0
0.9999370574951172,3.905329867848195e-05,2.372834933339618e-05,0.0
1.8319296941626817e-05,0.999976634979248,5.080593382444931e-06,1.0
0.9999390244483948,3.797544559347443e-05,2.29575907724211e-05,0.0
2.015616701100953e-05,0.9999761581420898,3.9872365960036404e-06,1.0
1.7359454432153143e-05,0.9999756813049316,6.8980243668193e-06,1.0
1.9904020518879406e-05,0.9999761581420898,4.023505425720941e-06,1.0
1.623487514734734e-05,0.9999770522117615,6.7543428485805634e-06,1.0
0.9999308586120605,3.5603661672212183e-05,3.337851376272738e-05,0.0
1.624807009648066e-05,0.9999786019325256,5.517709269042825e-06,1.0
1.9487924873828888e-05,0.999976634979248,4.2129317989747506e-06,1.0
2.3257247448782437e-05,0.9999738335609436,3.031201231351588e-06,1.0
1.936308035510592e-05,0.999976634979248,4.233746949466877e-06,1.0
5.513800715561956e-06,7.526729314122349e-05,0.9999189972877502,2.0
2.3408603738062084e-05,0.9999727606773376,3.7055456232337747e-06,1.0
1.9342483938089572e-05,0.999976634979248,4.25957750849193e-06,1.0
1.7952381313079968e-05,0.999976634979248,5.426800271379761e-06,1.0
0.9999274611473083,3.5213404771639034e-05,3.716990249813534e-05,0.0
0.7213135361671448,0.27361708879470825,0.0050694639794528484,0.0
2.0363890143926255e-05,0.9999756813049316,3.999102773377672e-06,1.0
2.119722012139391e-05,0.9999727606773376,5.887990027986234e-06,1.0
1.3792084246233571e-05,0.9999590516090393,2.700768345675897e-05,1.0
1.8478691345080733e-05,0.999976634979248,4.7099879338929895e-06,1.0
1.625160439289175e-05,0.999976634979248,7.281973466888303e-06,1.0
1.9690489352797158e-05,0.9999756813049316,4.660160357161658e-06,1.0
5.3050873248139396e-05,0.00033020725823007524,0.9996166825294495,2.0
5.411492566054221e-06,8.074301149463281e-05,0.9999142289161682,2.0
1.92717052414082e-05,0.9999761581420898,4.630311195796821e-06,1.0
0.9999222755432129,3.362087227287702e-05,4.421762059791945e-05,0.0
1.6478714314871468e-05,0.9999770522117615,6.591526016563876e-06,1.0
1.8095530322170816e-05,0.9999756813049316,6.3547763602400664e-06,1.0
4.051983341923915e-05,0.00026980333495885134,0.9996896386146545,2.0
2.1838617612957023e-05,0.999974250793457,3.984807335655205e-06,1.0
1.777571378624998e-05,0.9999770522117615,5.135670107847545e-06,1.0
1.77446872839937e-05,0.999976634979248,5.518188118003309e-06,1.0
2.128907544829417e-05,0.9999752044677734,3.31270825881802e-06,1.0
2.6171976060140878e-05,0.9999709129333496,2.6921293283521663e-06,1.0
5.817267719976371e-06,8.882925612851977e-05,0.9999055862426758,2.0
1.7684240447124466e-05,0.9999775290489197,4.788330898009008e-06,1.0
1.4641607776866294e-05,0.9999690651893616,1.643726136535406e-05,1.0
0.797435998916626,0.20056331157684326,0.002000663662329316,1.0
5.314168902259553e-06,7.727820775471628e-05,0.9999170303344727,2.0
0.9997912049293518,0.00014503004786092788,6.398741970770061e-05,0.0
0.9999251365661621,3.581695636967197e-05,3.914315675501712e-05,0.0
1.7921522157848813e-05,0.9999756813049316,6.277812644839287e-06,1.0
1.825931394705549e-05,0.999976634979248,5.105061973154079e-06,1.0
2.5178611394949257e-05,0.9999718070030212,2.8175359148008283e-06,1.0
0.9998851418495178,5.3891591960564256e-05,6.12337316852063e-05,0.0
1.9196755602024496e-05,0.9999761581420898,4.815836291527376e-06,1.0
1.756212077452801e-05,0.9999775290489197,4.852279289480066e-06,1.0
1.8514621842768975e-05,0.999976634979248,5.109172889206093e-06,1.0
8.473394700558856e-06,9.22997496672906e-05,0.9998988509178162,2.0
0.9997768998146057,4.1421160858590156e-05,0.00018165356596000493,0.0
1.614690881979186e-05,0.9999761581420898,7.742835805402137e-06,1.0
0.9999213218688965,3.618921255110763e-05,4.233215804561041e-05,0.0
2.158470670110546e-05,0.9999733567237854,5.084839358460158e-06,1.0
5.343894372344948e-06,7.612743502249941e-05,0.9999189972877502,2.0
1.5035625438031275e-05,0.9999770522117615,8.077817255980335e-06,1.0
7.271688446053304e-06,8.391350274905562e-05,0.9999083876609802,2.0
2.391429734416306e-05,0.9999727606773376,3.235056283301674e-06,1.0
1.7145839592558332e-05,0.9999770522117615,6.007035608490696e-06,1.0
1.7765174561645836e-05,0.9999761581420898,5.942682037129998e-06,1.0
1.9068831534241326e-05,0.9999770522117615,3.9672136153967585e-06,1.0
1.8538916265242733e-05,0.9999770522117615,4.135206836508587e-06,1.0
1.9311371943331324e-05,0.9999752044677734,5.733473244617926e-06,1.0
2.0327548554632813e-05,0.9999756813049316,3.979783286922611e-06,1.0
1.9731920474441722e-05,0.9999761581420898,4.13076077165897e-06,1.0
0.9999194741249084,4.025533780804835e-05,4.01164943468757e-05,0.0
2.0914290871587582e-05,0.9999752044677734,3.980561359639978e-06,1.0
0.9999279379844666,3.393381484784186e-05,3.8086611311882734e-05,0.0
1.7182572264573537e-05,0.9999770522117615,5.976498414383968e-06,1.0
0.9999274611473083,3.677145650726743e-05,3.560424011084251e-05,0.0
0.9999337792396545,3.475549601716921e-05,3.170381023664959e-05,0.0
1.7643809769651853e-05,0.999976634979248,5.633999990095617e-06,1.0
1.8703232854022644e-05,0.999976634979248,4.7252842705347575e-06,1.0
5.315061116561992e-06,7.683192234253511e-05,0.9999179244041443,2.0
1.7829635908128694e-05,0.999976634979248,5.6756703088467475e-06,1.0
1.5035625438031275e-05,0.9999770522117615,8.077817255980335e-06,1.0
1.9398125004954636e-05,0.9999756813049316,4.74049556942191e-06,1.0
1.4093109712121077e-05,0.00013251219934318215,0.9998531341552734,2.0
1.978124782908708e-05,0.9999752044677734,4.979494406143203e-06,1.0
0.9999203681945801,3.532554910634644e-05,4.443007128429599e-05,0.0
1.768211404851172e-05,0.9999775290489197,4.789454578713048e-06,1.0
0.9999251365661621,3.671657759696245e-05,3.819245830527507e-05,0.0
1.9746265024878085e-05,0.9999756813049316,4.3673571781255305e-06,1.0
2.0028264771099202e-05,0.9999761581420898,3.862495304929325e-06,1.0
0.999936580657959,3.693435792229138e-05,2.671613583515864e-05,0.0
0.9999151825904846,3.5287434002384543e-05,4.98619738209527e-05,0.0
2.1336309146136045e-05,0.9999747276306152,3.846658728434704e-06,1.0
1.877314025477972e-05,0.999976634979248,4.624177108780714e-06,1.0
0.9999390244483948,4.383846317068674e-05,1.7303354979958385e-05,0.0
1.4393620404007379e-05,0.9999690651893616,1.6857111404533498e-05,1.0
2.1584253772743978e-05,0.9999747276306152,3.707326868607197e-06,1.0
1.841737685026601e-05,0.9999761581420898,5.48180241821683e-06,1.0
2.1981351892463863e-05,0.999974250793457,3.861931418214226e-06,1.0
2.2741274733562022e-05,0.9999738335609436,3.647490757430205e-06,1.0
5.342558779375395e-06,7.917910988908261e-05,0.9999151825904846,2.0
1.9962819351349026e-05,0.9999752044677734,4.714765054814052e-06,1.0
0.9999236464500427,4.2547035263851285e-05,3.37139172188472e-05,0.0
0.9999299645423889,3.574209040380083e-05,3.449144060141407e-05,0.0
5.911536391067784e-06,7.604703569086269e-05,0.9999179244041443,2.0
1.9096220057690516e-05,0.999976634979248,4.179883489996428e-06,1.0
1.4445367014559451e-05,0.9999747276306152,1.0945243957394268e-05,1.0
0.9997583031654358,0.00010301750444341451,0.00013898726319894195,0.0
2.0401872461661696e-05,0.9999756813049316,4.22207813244313e-06,1.0
5.661722298100358e-06,8.605489711044356e-05,0.9999083876609802,2.0
2.0713672711281106e-05,0.999974250793457,4.879472271568375e-06,1.0
0.9999251365661621,3.418968844925985e-05,4.0901362808654085e-05,0.0
2.234819476143457e-05,0.999974250793457,3.692989821502124e-06,1.0
0.9998760223388672,0.00010263789590680972,2.1315281628631055e-05,0.0
2.234819476143457e-05,0.999974250793457,3.692989821502124e-06,1.0
1.74647484527668e-05,0.9999770522117615,5.381581559049664e-06,1.0
5.5485252232756466e-06,7.541027298429981e-05,0.9999189972877502,2.0
2.2452741177403368e-05,0.999974250793457,3.2487371299794177e-06,1.0
1.9934528609155677e-05,0.9999756813049316,4.645030458050314e-06,1.0
0.999931812286377,3.495613782433793e-05,3.336651570862159e-05,0.0
1.939901449077297e-05,0.9999747276306152,5.889118710911134e-06,1.0
0.9999099373817444,3.81128083972726e-05,5.2106006478425115e-05,0.0
0.9999242424964905,3.456292688497342e-05,4.148686275584623e-05,0.0
1.6554353351239115e-05,0.9999775290489197,6.126330845290795e-06,1.0
0.999931812286377,3.42827734129969e-05,3.407673284527846e-05,0.0
2.098882214340847e-05,0.9999738335609436,5.440724635263905e-06,1.0
0.0001503455569036305,0.0007842908962629735,0.9990653991699219,2.0
0.9999184012413025,3.3849810279207304e-05,4.768673898070119e-05,0.0
2.286808921780903e-05,0.9999738335609436,3.574831225705566e-06,1.0
0.9942113757133484,0.005091970786452293,0.000696689763572067,0.0
1.7464699340052903e-05,0.9999770522117615,5.3784515330335125e-06,1.0
0.8363982439041138,0.16004300117492676,0.0035587099846452475,0.0
0.9999051690101624,3.6943973100278527e-05,5.802609302918427e-05,0.0
0.999901294708252,5.606190825346857e-05,4.2638224840629846e-05,0.0
2.1676934920833446e-05,0.9999747276306152,3.7557242649199907e-06,1.0
0.9999351501464844,4.919756975141354e-05,1.5764368072268553e-05,0.0
1.9701928977156058e-05,0.9999756813049316,4.858367901761085e-06,1.0
0.9999046921730042,6.089288945076987e-05,3.4315318771405146e-05,0.0
1.84528198587941e-05,0.9999756813049316,5.7880156418832485e-06,1.0
0.9999390244483948,3.614999513956718e-05,2.4744840629864484e-05,0.0
1.6081272406154312e-05,0.9999770522117615,7.072876087477198e-06,1.0
2.158684583264403e-05,0.9999733567237854,5.085178599983919e-06,1.0
2.0371564460219815e-05,0.9999747276306152,4.754313067678595e-06,1.0
2.0306892110966146e-05,0.9999752044677734,4.453436304174829e-06,1.0
2.0435230908333324e-05,0.9999747276306152,4.824625648325309e-06,1.0
1.9657860320876352e-05,0.9999752044677734,5.361894181987736e-06,1.0
1.8541621102485806e-05,0.9999747276306152,6.51494383419049e-06,1.0
0.9999274611473083,3.45509615726769e-05,3.8026217225706205e-05,0.0
6.936867521289969e-06,8.215403067879379e-05,0.9999113082885742,2.0
2.009116724366322e-05,0.9999761581420898,3.6949097648175666e-06,1.0
0.9999199509620667,3.5234668757766485e-05,4.46471203758847e-05,0.0
2.2198737497092225e-05,0.999974250793457,3.867507984978147e-06,1.0
0.9999331831932068,3.8263475289568305e-05,2.831625533872284e-05,0.0
1.6658130334690213e-05,0.9999770522117615,6.111089987825835e-06,1.0
2.134671012754552e-05,0.9999747276306152,3.91880348615814e-06,1.0
1.658154360484332e-05,0.9999770522117615,6.378516900440445e-06,1.0
2.0292625777074136e-05,0.9999756813049316,4.258854005456669e-06,1.0
0.8190908432006836,0.1693676859140396,0.011541563086211681,1.0
0.8190908432006836,0.1693676859140396,0.011541563086211681,0.0
1.601776784809772e-05,0.9999738335609436,1.0505179488973226e-05,1.0
0.9999370574951172,3.519585152389482e-05,2.7625723305391148e-05,0.0
0.9995489716529846,0.0002510530175641179,0.00019970997527707368,0.0
0.9998360276222229,7.933731831144542e-05,8.45213289721869e-05,0.0
2.201221104769502e-05,0.9999738335609436,4.3018380893045105e-06,1.0
0.9999046921730042,5.291121487971395e-05,4.259811248630285e-05,0.0
7.975671906024218e-06,8.889602759154513e-05,0.9999027252197266,2.0
1.858138057286851e-05,0.9999761581420898,5.213192707742564e-06,1.0
2.2537265977007337e-05,0.9999738335609436,3.907115569745656e-06,1.0
2.160202529921662e-05,0.9999747276306152,3.6428016301215393e-06,1.0
2.0291367036406882e-05,0.9999756813049316,4.260271907696733e-06,1.0
1.568680272612255e-05,0.9999756813049316,8.643831279186998e-06,1.0
1.7765174561645836e-05,0.9999761581420898,5.942682037129998e-06,1.0
0.9910225868225098,0.008871247991919518,0.00010603482223814353,0.0
0.9999390244483948,3.6145098420092836e-05,2.4738470528973266e-05,0.0
0.9999390244483948,3.774692595470697e-05,2.3404561943607405e-05,0.0
5.314361260388978e-06,7.67510719015263e-05,0.9999179244041443,2.0
1.7545517039252445e-05,0.9999770522117615,5.23940934726852e-06,1.0
1.7162528820335865e-05,0.999976634979248,6.055760422896128e-06,1.0
0.999936580657959,3.709274096763693e-05,2.651146314747166e-05,0.0
0.9999342560768127,3.828990156762302e-05,2.7646990929497406e-05,0.0
2.319907616765704e-05,0.9999722838401794,4.406382231536554e-06,1.0
5.437150775833288e-06,8.11927966424264e-05,0.9999131560325623,2.0
0.9999284148216248,3.569416730897501e-05,3.601163552957587e-05,0.0
1.827217056415975e-05,0.9999770522117615,4.693012670031749e-06,1.0
0.9998931288719177,3.528417073539458e-05,7.160887616919354e-05,0.0
5.326467544364277e-06,7.625386206200346e-05,0.9999189972877502,2.0
0.9998488426208496,7.780011219438165e-05,7.338880095630884e-05,0.0
1.4942509551474359e-05,0.9999761581420898,8.784792953520082e-06,1.0
1.749448711052537e-05,0.9999770522117615,5.410140602180036e-06,1.0
0.999934732913971,3.652275336207822e-05,2.8967750040465035e-05,0.0
0.999931812286377,3.495613782433793e-05,3.336651570862159e-05,0.0
0.9999390244483948,3.704105984070338e-05,2.410061460977886e-05,0.0
5.660772330884356e-06,8.604266622569412e-05,0.9999083876609802,2.0
2.235603824374266e-05,0.9999733567237854,4.482837994146394e-06,1.0
1.7512782505946234e-05,0.9999761581420898,6.432021109503694e-06,1.0
5.3499979912885465e-06,7.606219878653064e-05,0.9999189972877502,2.0
2.0044641132699326e-05,0.9999756813049316,4.477561105886707e-06,1.0
0.9999279379844666,3.393381484784186e-05,3.8086611311882734e-05,0.0
2.1139361706445925e-05,0.9999752044677734,3.6724859455716796e-06,1.0
1.5959976735757664e-05,0.9999761581420898,7.766300768707879e-06,1.0
1.8981685570906848e-05,0.9999761581420898,4.917540991300484e-06,1.0
6.853174909338122e-06,8.117328980006278e-05,0.9999122619628906,2.0
2.0393237718963064e-05,0.9999752044677734,4.288030140742194e-06,1.0
2.1491514416993596e-05,0.9999747276306152,4.032763627037639e-06,1.0
2.122396108461544e-05,0.9999752044677734,3.867943632940296e-06,1.0
1.8156897567678243e-05,0.999976634979248,5.151838195160963e-06,1.0
3.35207259922754e-05,0.9999551773071289,1.1216542588954326e-05,1.0
0.999936580657959,3.848084816127084e-05,2.484875039954204e-05,0.0
2.0983696231269278e-05,0.9999738335609436,5.2210343710612506e-06,1.0
0.9998331069946289,0.00011303226347081363,5.4120944696478546e-05,0.0
1.6554353351239115e-05,0.9999775290489197,6.126330845290795e-06,1.0
0.9649027585983276,0.032219044864177704,0.002878118772059679,1.0
2.1670819478458725e-05,0.999974250793457,3.898317118000705e-06,1.0
1.8819389879354276e-05,0.9999761581420898,5.2050654630875215e-06,1.0
5.320329819369363e-06,7.80570408096537e-05,0.9999170303344727,2.0
0.9999337792396545,3.475533230812289e-05,3.169734191033058e-05,0.0
0.7620205283164978,0.23551368713378906,0.002465692814439535,0.0
1.8381721019977704e-05,0.9999775290489197,4.302034994907444e-06,1.0
0.9999055862426758,4.955922850058414e-05,4.4836997403763235e-05,0.0
1.724132198432926e-05,0.9999775290489197,5.386459633882623e-06,1.0
1.682277797954157e-05,0.9999747276306152,8.301377420139033e-06,1.0
0.9999390244483948,3.6145098420092836e-05,2.4738470528973266e-05,0.0
1.681942376308143e-05,0.9999756813049316,7.3727878771023825e-06,1.0
6.853174909338122e-06,8.117328980006278e-05,0.9999122619628906,2.0
1.7954351278604008e-05,0.999976634979248,5.425848030427005e-06,1.0
1.8659673514775932e-05,0.999976634979248,4.4976459321333095e-06,1.0
1.936308035510592e-05,0.999976634979248,4.233746949466877e-06,1.0
1.898757000162732e-05,0.9999761581420898,4.990733486920362e-06,1.0
0.9998974800109863,4.571374302031472e-05,5.6559452787041664e-05,0.0
0.9999251365661621,3.755368015845306e-05,3.722332257893868e-05,0.0
2.0399169443408027e-05,0.9999756813049316,4.223584255669266e-06,1.0
1.8624739823280834e-05,0.999976634979248,4.809365236724261e-06,1.0
0.5111878514289856,0.054158687591552734,0.43465346097946167,0.0
2.1350273527787067e-05,0.999974250793457,4.32726665167138e-06,1.0
0.9999331831932068,3.471280069788918e-05,3.199360071448609e-05,0.0
1.355601580144139e-05,0.9999733567237854,1.3137449968780857e-05,1.0
2.0459663574001752e-05,0.9999761581420898,3.4718143524514744e-06,1.0
1.638222238398157e-05,0.9999747276306152,8.941004125517793e-06,1.0
1.9896069716196507e-05,0.9999756813049316,4.635533514374401e-06,1.0
5.433299520518631e-06,7.540063961641863e-05,0.9999189972877502,2.0
2.2260044715949334e-05,0.999974250793457,3.367148792676744e-06,1.0
2.2224454369279556e-05,0.9999738335609436,4.263649316271767e-06,1.0
1.9479582988424227e-05,0.9999761581420898,4.356159479357302e-06,1.0
5.372166924644262e-06,7.981214002938941e-05,0.9999151825904846,2.0
1.5017869372968562e-05,0.9999756813049316,9.539222446619533e-06,1.0
5.7793117775872815e-06,7.578950317110866e-05,0.9999189972877502,2.0
1.4971922610129695e-05,0.9999666213989258,1.85517747013364e-05,1.0
1.9447803424554877e-05,0.999976634979248,3.980173914897023e-06,1.0
1.711372533463873e-05,0.999976634979248,6.024383765179664e-06,1.0
1.8969632947118953e-05,0.9999756813049316,5.389562829805072e-06,1.0
1.9708581021404825e-05,0.9999756813049316,4.8016017899499275e-06,1.0
0.0032566336449235678,0.972274899482727,0.024468595162034035,1.0
1.843899372033775e-05,0.9999761581420898,5.441321263788268e-06,1.0
2.1436984752654098e-05,0.9999747276306152,3.639415808720514e-06,1.0
1.845134283939842e-05,0.9999756813049316,5.787176633020863e-06,1.0
1.8419063053443097e-05,0.9999761581420898,5.4833390095154755e-06,1.0
0.8468379974365234,0.05177678167819977,0.10138527303934097,0.0
1.8514940165914595e-05,0.999976634979248,5.1092019930365495e-06,1.0
1.4101122360443696e-05,0.9999747276306152,1.1303631254122593e-05,1.0
1.8549510059528984e-05,0.9999761581420898,5.487618636834668e-06,1.0
1.7617578123463318e-05,0.9999761581420898,6.069804840080906e-06,1.0
