0,1,2,label
5.868657535756938e-05,0.9999103546142578,3.126722731394693e-05,1.0
3.934327105525881e-05,4.412608177517541e-05,0.9999165534973145,2.0
0.9998407959938049,9.096275607589632e-05,6.826739991083741e-05,0.0
0.9998488426208496,9.276948549086228e-05,5.8484940382186323e-05,0.0
5.072766725788824e-05,0.9999122619628906,3.714052581926808e-05,1.0
5.904761201236397e-05,0.9999083876609802,3.243129685870372e-05,1.0
2.9723842089879327e-05,6.006030525895767e-05,0.9999103546142578,2.0
6.246105476748198e-05,0.9999131560325623,2.415178641967941e-05,1.0
5.1080842240480706e-05,0.9999122619628906,3.6689591070171446e-05,1.0
6.107603257987648e-05,0.9999099373817444,2.9216309485491365e-05,1.0
6.31040966254659e-05,0.9999103546142578,2.654551644809544e-05,1.0
6.55906624160707e-05,0.999910831451416,2.364465944992844e-05,1.0
0.999844491481781,9.173565922537819e-05,6.357623351505026e-05,0.0
0.9998460412025452,9.633933223085478e-05,5.782126390840858e-05,0.0
6.0486465372378007e-05,0.9999113082885742,2.8390400984790176e-05,1.0
2.7870819394593127e-05,6.82305617374368e-05,0.999904215335846,2.0
0.009440390393137932,0.30990278720855713,0.680656909942627,2.0
5.720357512473129e-05,0.9999151825904846,2.7923764719162136e-05,1.0
0.9998460412025452,0.00011288123641861603,4.101745435036719e-05,0.0
5.243135819910094e-05,0.9999147057533264,3.300172829767689e-05,1.0
5.813499592477456e-05,0.9999147057533264,2.7287656848784536e-05,1.0
5.6929391575977206e-05,0.9999094605445862,3.375278174644336e-05,1.0
0.2620618939399719,0.7318406701087952,0.006097455974668264,1.0
6.292350735748187e-05,0.9999094605445862,2.7557043722481467e-05,1.0
6.120407488197088e-05,0.9999131560325623,2.569240859884303e-05,1.0
6.321588443825021e-05,0.9999103546142578,2.6440611691214144e-05,1.0
6.410585046978667e-05,0.9999103546142578,2.5689567337394692e-05,1.0
5.918726674281061e-05,0.9999151825904846,2.5585826733731665e-05,1.0
6.561249756487086e-05,0.9999088644981384,2.5400375307071954e-05,1.0
3.8495269109262154e-05,3.9896465750643983e-05,0.9999217987060547,2.0
6.153609865577891e-05,0.9999142289161682,2.43300964939408e-05,1.0
5.9630088799167424e-05,0.999907910823822,3.249842120567337e-05,1.0
5.476271326187998e-05,0.9999094605445862,3.580746124498546e-05,1.0
3.0487628464470617e-05,6.210911669768393e-05,0.9999074935913086,2.0
6.736173963872716e-05,0.9999099373817444,2.304722511325963e-05,1.0
5.7965866290032864e-05,0.9999117851257324,3.055580236832611e-05,1.0
5.9071386203868315e-05,0.9999127388000488,2.7974621843895875e-05,1.0
5.3392206609714776e-05,0.9999008178710938,4.602489207172766e-05,1.0
3.185261448379606e-05,4.894691301160492e-05,0.9999194741249084,2.0
6.258877692744136e-05,0.9999122619628906,2.5257568267988972e-05,1.0
5.8215329772792757e-05,0.9999127388000488,2.932134157163091e-05,1.0
6.264550756895915e-05,0.999904215335846,3.314359491923824e-05,1.0
0.6512086391448975,0.3452647924423218,0.003526469459757209,0.0
3.243692481191829e-05,6.228379788808525e-05,0.9999051690101624,2.0
0.9998508095741272,9.668973507359624e-05,5.2401217544684187e-05,0.0
0.9998488426208496,9.762741683516651e-05,5.3796135034644976e-05,0.0
4.966199048794806e-05,0.9999113082885742,3.8987058360362425e-05,1.0
5.6985234550666064e-05,0.9999147057533264,2.8474183636717498e-05,1.0
5.8961293689208105e-05,0.9999136328697205,2.723267061810475e-05,1.0
0.9998416900634766,0.00010005378862842917,5.84700501349289e-05,0.0
5.9527814300963655e-05,0.9999142289161682,2.6500796593609266e-05,1.0
6.067249705665745e-05,0.9999142289161682,2.5312181605841033e-05,1.0
7.10553431417793e-05,0.9999051690101624,2.3933027478051372e-05,1.0
6.137503805803135e-05,0.9999099373817444,2.880015927075874e-05,1.0
6.168215622892603e-05,0.9999136328697205,2.4820708858896978e-05,1.0
6.952627882128581e-05,0.9999094605445862,2.1322885004337877e-05,1.0
5.5782827985240147e-05,0.9999142289161682,3.0000368496985175e-05,1.0
0.9998488426208496,9.825237793847919e-05,5.302128192852251e-05,0.0
0.9998478889465332,9.378070535603911e-05,5.82553657295648e-05,0.0
7.788170478306711e-05,0.9998812675476074,4.0718285163166e-05,1.0
3.420677603571676e-05,4.226576129440218e-05,0.9999236464500427,2.0
5.85716225032229e-05,0.9999127388000488,2.87858256342588e-05,1.0
6.71978632453829e-05,0.9999088644981384,2.3973369025043212e-05,1.0
6.759088137187064e-05,0.999910831451416,2.1746302081737667e-05,1.0
5.198227518121712e-05,0.9999127388000488,3.527316584950313e-05,1.0
3.0468940167338587e-05,5.5252687161555514e-05,0.9999142289161682,2.0
3.068384830839932e-05,5.0765080231940374e-05,0.9999184012413025,2.0
6.508954538730904e-05,0.999907910823822,2.7163416234543547e-05,1.0
6.367512833094224e-05,0.9999065399169922,3.007100531249307e-05,1.0
5.6243610742967576e-05,0.999910831451416,3.288033985882066e-05,1.0
5.009150845580734e-05,0.9999004006385803,4.95295571454335e-05,1.0
5.33571292180568e-05,0.9999136328697205,3.281680983491242e-05,1.0
5.802161467727274e-05,0.9999160766601562,2.587165181466844e-05,1.0
3.6786186683457345e-05,0.0001138110674219206,0.999849259853363,2.0
5.586470433627255e-05,0.999915599822998,2.8745116651407443e-05,1.0
6.508954538730904e-05,0.999907910823822,2.7163416234543547e-05,1.0
5.85489506192971e-05,0.999906063079834,3.561031917342916e-05,1.0
0.9998435974121094,9.106665675062686e-05,6.515879067592323e-05,0.0
6.159151962492615e-05,0.9999099373817444,2.8583775929291733e-05,1.0
6.482699973275885e-05,0.999910831451416,2.4420571207883768e-05,1.0
5.571227666223422e-05,0.9999142289161682,3.0114139008219354e-05,1.0
5.569984205067158e-05,0.999915599822998,2.8979795388295315e-05,1.0
5.677432272932492e-05,0.9999117851257324,3.135723090963438e-05,1.0
0.999842643737793,0.00011082150740548968,4.651433846447617e-05,0.0
5.977533510304056e-05,0.9999131560325623,2.6880848963628523e-05,1.0
3.55895099346526e-05,4.451663699001074e-05,0.9999199509620667,2.0
6.032884630258195e-05,0.999904215335846,3.5626249882625416e-05,1.0
5.7877652579918504e-05,0.999910831451416,3.14146964228712e-05,1.0
0.999847412109375,9.419472917215899e-05,5.868087100679986e-05,0.0
8.523819269612432e-05,0.9998946785926819,2.002751898544375e-05,1.0
5.247057561064139e-05,0.9999127388000488,3.4761564165819436e-05,1.0
0.0071276286616921425,0.3039324879646301,0.6889398694038391,2.0
5.458627128973603e-05,0.9999127388000488,3.258198921685107e-05,1.0
5.544170198845677e-05,0.9999142289161682,3.058501170016825e-05,1.0
0.9998508095741272,9.670744475442916e-05,5.2395065722521394e-05,0.0
4.381869075587019e-05,0.0007565447012893856,0.9991996884346008,2.0
5.597595372819342e-05,0.9999165534973145,2.765282079053577e-05,1.0
6.760010728612542e-05,0.9999065399169922,2.574089558038395e-05,1.0
2.946326458186377e-05,0.0001616600638953969,0.9998087882995605,2.0
4.491951040108688e-05,4.240311318426393e-05,0.9999127388000488,2.0
6.052777825971134e-05,0.9999142289161682,2.5430477762711234e-05,1.0
6.720548844896257e-05,0.9999070167541504,2.5953055228455923e-05,1.0
0.6949632167816162,0.29396769404411316,0.011069105938076973,1.0
6.705900159431621e-05,0.9999070167541504,2.6020017685368657e-05,1.0
5.404641342465766e-05,0.9998936057090759,5.2523493650369346e-05,1.0
5.4876476497156546e-05,0.9999151825904846,3.0160612368490547e-05,1.0
7.187427399912849e-05,0.9998988509178162,2.94942146865651e-05,1.0
6.558371387654915e-05,0.999907910823822,2.641057471919339e-05,1.0
0.680568516254425,0.3157389163970947,0.0036926553584635258,0.0
0.9998488426208496,9.337972733192146e-05,5.803212843602523e-05,0.0
6.491169187938794e-05,0.9999117851257324,2.3181604774435982e-05,1.0
3.0723931558895856e-05,8.794419409241527e-05,0.9998812675476074,2.0
5.784382301499136e-05,0.9999122619628906,3.0172810511430725e-05,1.0
5.857419455423951e-05,0.9999122619628906,2.9204551537986845e-05,1.0
6.231017323443666e-05,0.9999131560325623,2.4481078071403317e-05,1.0
5.1080842240480706e-05,0.9999122619628906,3.6689591070171446e-05,1.0
0.9998431205749512,9.223982488038018e-05,6.468447099905461e-05,0.0
6.577363092219457e-05,0.9999070167541504,2.7230929845245555e-05,1.0
4.0398637793259695e-05,0.0004396536969579756,0.9995198845863342,2.0
5.569984205067158e-05,0.999915599822998,2.8979795388295315e-05,1.0
0.999847412109375,0.00010086390830110759,5.1674094720510766e-05,0.0
5.574326132773422e-05,0.9999122619628906,3.1988354749046266e-05,1.0
5.9389290981926024e-05,0.9999127388000488,2.8168440621811897e-05,1.0
6.732551264576614e-05,0.9999051690101624,2.748361112026032e-05,1.0
5.3477870096685365e-05,0.9999122619628906,3.411080615478568e-05,1.0
0.9998488426208496,9.645387035561725e-05,5.4656957217957824e-05,0.0
0.9998365044593811,9.692562161944807e-05,6.64613617118448e-05,0.0
5.793121090391651e-05,0.9999131560325623,2.9138982426957227e-05,1.0
6.0773611039621755e-05,0.9999136328697205,2.536544343456626e-05,1.0
5.574326132773422e-05,0.9999122619628906,3.1988354749046266e-05,1.0
0.999849259853363,9.386034071212634e-05,5.691940532415174e-05,0.0
5.9389290981926024e-05,0.9999127388000488,2.8168440621811897e-05,1.0
0.999847412109375,9.369773761136457e-05,5.914415669394657e-05,0.0
0.999847412109375,9.420271817361936e-05,5.867404615855776e-05,0.0
5.4497893870575354e-05,0.9999103546142578,3.499846934573725e-05,1.0
5.843013423145749e-05,0.999907910823822,3.366694727446884e-05,1.0
0.999842643737793,9.815058001549914e-05,5.9388552472228184e-05,0.0
5.8439494750928134e-05,0.9999142289161682,2.7621192202786915e-05,1.0
5.2511823014356196e-05,0.9999127388000488,3.451322118053213e-05,1.0
5.958733891020529e-05,0.9999131560325623,2.7074294848716818e-05,1.0
6.02844447712414e-05,0.9999136328697205,2.5861932954285294e-05,1.0
9.07338471733965e-05,0.9998879432678223,2.160358963010367e-05,1.0
3.2165997254196554e-05,4.821633774554357e-05,0.9999199509620667,2.0
5.429930752143264e-05,0.9999117851257324,3.387654942343943e-05,1.0
5.38720196345821e-05,0.9999117851257324,3.455099795246497e-05,1.0
6.134660361567512e-05,0.9999127388000488,2.5815163098741323e-05,1.0
5.271147165331058e-05,0.9999117851257324,3.538853707141243e-05,1.0
3.114485298283398e-05,5.7879802625393495e-05,0.999910831451416,2.0
5.852762114955112e-05,0.9999131560325623,2.8214686608407646e-05,1.0
6.876497354824096e-05,0.99990314245224,2.805605618050322e-05,1.0
5.9696660173358396e-05,0.9999147057533264,2.5919711333699524e-05,1.0
0.9998407959938049,8.832217281451449e-05,7.110224396456033e-05,0.0
5.920911280554719e-05,0.9999099373817444,3.074489359278232e-05,1.0
7.433805876644328e-05,0.9998979568481445,2.7656300517264754e-05,1.0
5.870107634109445e-05,0.9999099373817444,3.13138407364022e-05,1.0
5.7877652579918504e-05,0.999910831451416,3.14146964228712e-05,1.0
0.9998283386230469,0.00013617791410069913,3.549588655005209e-05,0.0
7.389827078441158e-05,0.999901294708252,2.4739720174693502e-05,1.0
0.9998465180397034,9.424620657227933e-05,5.94530429225415e-05,0.0
0.999845564365387,9.159927867585793e-05,6.276558997342363e-05,0.0
5.48930220247712e-05,0.9999136328697205,3.127259333268739e-05,1.0
6.56595075270161e-05,0.9999113082885742,2.2946645913179964e-05,1.0
5.271700138109736e-05,0.9999113082885742,3.62878454325255e-05,1.0
5.8211277064401656e-05,0.9999127388000488,2.931709423137363e-05,1.0
5.253436756902374e-05,0.9999094605445862,3.79460871045012e-05,1.0
0.9998388290405273,0.00010549419675953686,5.56955455977004e-05,0.0
6.136994488770142e-05,0.9999099373817444,2.8810351068386808e-05,1.0
5.759974374086596e-05,0.9999160766601562,2.663655686774291e-05,1.0
6.130916881375015e-05,0.9999127388000488,2.5831763196038082e-05,1.0
6.321588443825021e-05,0.9999103546142578,2.6440611691214144e-05,1.0
6.379609112627804e-05,0.9999088644981384,2.7158806915394962e-05,1.0
3.252030728617683e-05,4.588574302033521e-05,0.9999217987060547,2.0
6.262627721298486e-05,0.9999070167541504,3.038418071810156e-05,1.0
0.9998478889465332,9.378642425872386e-05,5.842596146976575e-05,0.0
6.0129936173325405e-05,0.999907910823822,3.2203748560277745e-05,1.0
6.076120916986838e-05,0.9999142289161682,2.4968570869532414e-05,1.0
0.25726190209388733,0.7343870401382446,0.008351042866706848,1.0
5.458278246806003e-05,0.9999122619628906,3.306183498352766e-05,1.0
5.546407192014158e-05,0.9999127388000488,3.18390411848668e-05,1.0
4.0903076296672225e-05,4.0214130422100425e-05,0.9999189972877502,2.0
0.999844491481781,9.067269274964929e-05,6.461585144279525e-05,0.0
6.547198427142575e-05,0.999910831451416,2.3897036953712814e-05,1.0
3.216482946299948e-05,4.822760456590913e-05,0.9999199509620667,2.0
2.6718606022768654e-05,0.00010180866956943646,0.9998717308044434,2.0
0.9998217225074768,0.00010654541256371886,7.170845492510125e-05,0.0
5.387997589423321e-05,0.9999122619628906,3.39885191351641e-05,1.0
6.664358079433441e-05,0.999910831451416,2.2768008420825936e-05,1.0
2.954491719719954e-05,9.407244942849502e-05,0.9998764991760254,2.0
5.716643136111088e-05,0.9999094605445862,3.325272700749338e-05,1.0
5.07272852701135e-05,0.9999122619628906,3.713344267453067e-05,1.0
3.185261448379606e-05,4.894691301160492e-05,0.9999194741249084,2.0
6.287564610829577e-05,0.999910831451416,2.6191102733719163e-05,1.0
0.00010209082392975688,0.9998760223388672,2.170610605389811e-05,1.0
6.027904601069167e-05,0.999907910823822,3.196112083969638e-05,1.0
0.9998383522033691,9.156049782177433e-05,7.007838576100767e-05,0.0
0.6750494241714478,0.31964999437332153,0.0053006368689239025,0.0
6.203091470524669e-05,0.9999070167541504,3.1045037758303806e-05,1.0
2.646513530635275e-05,0.00017422085511498153,0.9997992515563965,2.0
5.812944800709374e-05,0.9999122619628906,2.9499899028451182e-05,1.0
6.510431558126584e-05,0.9998956322669983,3.9377238863380626e-05,1.0
5.766949107055552e-05,0.9999151825904846,2.7285910618957132e-05,1.0
5.496452286024578e-05,0.9999136328697205,3.132782148895785e-05,1.0
5.7796343753580004e-05,0.9999127388000488,2.9505190468626097e-05,1.0
6.154026777949184e-05,0.9999142289161682,2.432770634186454e-05,1.0
6.505721103167161e-05,0.9999117851257324,2.336651596124284e-05,1.0
5.6170385505538434e-05,0.9999094605445862,3.461508094915189e-05,1.0
6.106332875788212e-05,0.9999136328697205,2.5402578103239648e-05,1.0
5.1393079047556967e-05,0.9999117851257324,3.675206608022563e-05,1.0
0.999849259853363,9.708649304229766e-05,5.369045175029896e-05,0.0
5.2111274271737784e-05,0.9999094605445862,3.840964564005844e-05,1.0
5.45533221156802e-05,0.9999142289161682,3.1396906706504524e-05,1.0
4.12511799368076e-05,3.5107314033666626e-05,0.9999236464500427,2.0
6.029019641573541e-05,0.9999136328697205,2.5869039745884947e-05,1.0
0.9998416900634766,9.179271728498861e-05,6.665158434771001e-05,0.0
6.247082637855783e-05,0.9999131560325623,2.4234108423115686e-05,1.0
6.472241511801258e-05,0.9999117851257324,2.3322456399910152e-05,1.0
0.9998383522033691,8.660352614242584e-05,7.517338963225484e-05,0.0
0.9998497366905212,9.753324411576614e-05,5.2828629122814164e-05,0.0
5.6625951401656494e-05,0.9999094605445862,3.4226290154038e-05,1.0
6.058073995518498e-05,0.9999142289161682,2.5230674509657547e-05,1.0
5.630146188195795e-05,0.9999136328697205,3.000511605932843e-05,1.0
5.931180203333497e-05,0.9999051690101624,3.572614514268935e-05,1.0
5.8668447309173644e-05,0.9999136328697205,2.761065843515098e-05,1.0
5.405703268479556e-05,0.9999136328697205,3.221185761503875e-05,1.0
0.9998497366905212,9.671961743151769e-05,5.34113023604732e-05,0.0
6.284644769039005e-05,0.999910831451416,2.651419345056638e-05,1.0
5.9193585911998525e-05,0.9999151825904846,2.5583631213521585e-05,1.0
6.183399818837643e-05,0.9999070167541504,3.1185452826321125e-05,1.0
0.9998497366905212,9.671961743151769e-05,5.34113023604732e-05,0.0
5.8998419262934476e-05,0.000733060238417238,0.9992078542709351,2.0
0.9998440146446228,9.304468403570354e-05,6.282763933995739e-05,0.0
0.9998449683189392,9.370552288601175e-05,6.121405749581754e-05,0.0
5.624130426440388e-05,0.9999094605445862,3.4342887374805287e-05,1.0
6.175396993057802e-05,0.9999113082885742,2.6804793378687464e-05,1.0
5.943274300079793e-05,0.9999127388000488,2.7849935577251017e-05,1.0
6.270348239922896e-05,0.9999122619628906,2.4872411813703366e-05,1.0
5.5450316722271964e-05,0.9999127388000488,3.183766966685653e-05,1.0
4.826698932447471e-05,0.9999088644981384,4.294998507248238e-05,1.0
2.594956458779052e-05,7.890728011261672e-05,0.9998951554298401,2.0
0.9998421669006348,8.971064380602911e-05,6.815986125729978e-05,0.0
4.748869105242193e-05,0.999901294708252,5.1190760132158175e-05,1.0
6.034075704519637e-05,0.9999122619628906,2.7445970772532746e-05,1.0
5.671166582033038e-05,0.9999117851257324,3.1607807613909245e-05,1.0
0.9998403191566467,8.925970905693248e-05,7.044969242997468e-05,0.0
6.169210246298462e-05,0.999910831451416,2.725584818108473e-05,1.0
6.213091546669602e-05,0.9999117851257324,2.6045016056741588e-05,1.0
5.69293370062951e-05,0.9999131560325623,3.0082077500992455e-05,1.0
5.501507985172793e-05,0.999915599822998,2.95566969725769e-05,1.0
3.178633778588846e-05,7.417079905280843e-05,0.9998940825462341,2.0
6.120424950495362e-05,0.9999131560325623,2.569686694187112e-05,1.0
5.910474283155054e-05,0.9999103546142578,3.0370913009392098e-05,1.0
6.273417238844559e-05,0.9999122619628906,2.490504994057119e-05,1.0
0.6178296804428101,0.022733362391591072,0.35943692922592163,0.0
5.7302400819025934e-05,0.9999136328697205,2.8812139134970494e-05,1.0
5.7260280300397426e-05,0.999910831451416,3.1832631066208705e-05,1.0
5.117338878335431e-05,3.661161463242024e-05,0.9999122619628906,2.0
6.059778752387501e-05,0.9999094605445862,2.9936574719613418e-05,1.0
6.246391421882436e-05,0.9999131560325623,2.4152433979907073e-05,1.0
0.999850332736969,9.759885142557323e-05,5.225220593274571e-05,0.0
5.165433685760945e-05,0.9999083876609802,3.997617750428617e-05,1.0
5.413519102148712e-05,0.9999136328697205,3.2340645702788606e-05,1.0
0.9998488426208496,9.446379408473149e-05,5.671393591910601e-05,0.0
6.515283166663721e-05,0.9999088644981384,2.5898114472511224e-05,1.0
6.346179725369439e-05,0.9998999238014221,3.699939770740457e-05,1.0
6.148975808173418e-05,0.9999127388000488,2.5695790100144222e-05,1.0
5.774147211923264e-05,0.9999136328697205,2.8879427190986462e-05,1.0
5.77955215703696e-05,0.9999142289161682,2.7894166123587638e-05,1.0
6.508954538730904e-05,0.999907910823822,2.7163416234543547e-05,1.0
3.922424730262719e-05,7.395410648314282e-05,0.9998869895935059,2.0
0.999842643737793,0.00010752195521490648,5.010765744373202e-05,0.0
0.9998478889465332,9.48118104133755e-05,5.745589078287594e-05,0.0
0.9998488426208496,9.825237793847919e-05,5.302128192852251e-05,0.0
6.465357000706717e-05,0.99990314245224,3.20140206895303e-05,1.0
5.8844510931521654e-05,0.9999131560325623,2.8147926059318706e-05,1.0
6.150160334073007e-05,0.9999127388000488,2.5702014681883156e-05,1.0
0.999842643737793,8.854811312630773e-05,6.888745701871812e-05,0.0
4.965730113326572e-05,0.9999113082885742,3.899085277225822e-05,1.0
6.14459058851935e-05,0.9999131560325623,2.5616247512516566e-05,1.0
5.783814049209468e-05,0.9999122619628906,3.017065318999812e-05,1.0
0.999847412109375,9.305409912485629e-05,5.9471298300195485e-05,0.0
6.159763142932206e-05,0.9999122619628906,2.6104597054654732e-05,1.0
5.991704892949201e-05,0.9999131560325623,2.682102785911411e-05,1.0
5.8541631005937234e-05,0.9999136328697205,2.7868483812198974e-05,1.0
0.9998331069946289,0.00012468542263377458,4.2461786506464705e-05,0.0
6.759088137187064e-05,0.999910831451416,2.1746302081737667e-05,1.0
6.763859710190445e-05,0.99990314245224,2.928401045210194e-05,1.0
5.415573832578957e-05,0.9999113082885742,3.46109845850151e-05,1.0
7.318437565118074e-05,0.9999055862426758,2.1505127733689733e-05,1.0
5.832230090163648e-05,0.9999103546142578,3.1633200705982745e-05,1.0
0.6740217208862305,0.31858354806900024,0.007394782733172178,0.0
5.881578545086086e-05,0.9999131560325623,2.8093752916902304e-05,1.0
5.8573241403792053e-05,0.9999088644981384,3.2397074392065406e-05,1.0
5.8268593420507386e-05,0.9999127388000488,2.9243014068924822e-05,1.0
6.953284173505381e-05,0.9999094605445862,2.1331628886400722e-05,1.0
6.413055962184444e-05,0.999910831451416,2.488652717147488e-05,1.0
5.629362567560747e-05,0.9999147057533264,2.9130644179531373e-05,1.0
6.376409146469086e-05,0.9999131560325623,2.3183856683317572e-05,1.0
5.6500372011214495e-05,0.9999147057533264,2.9031883968855254e-05,1.0
0.999839723110199,9.171230340143666e-05,6.849852070445195e-05,0.0
5.387997589423321e-05,0.9999122619628906,3.39885191351641e-05,1.0
3.1224619306158274e-05,4.6982942876638845e-05,0.9999217987060547,2.0
5.456592043628916e-05,0.9999142289161682,3.152460340061225e-05,1.0
6.166257662698627e-05,0.9999127388000488,2.5708683097036555e-05,1.0
3.244329855078831e-05,6.226818368304521e-05,0.9999051690101624,2.0
6.186549580888823e-05,0.9999117851257324,2.6275412892573513e-05,1.0
5.5862361477920786e-05,0.9999099373817444,3.42662024195306e-05,1.0
5.72617536818143e-05,0.999910831451416,3.185103560099378e-05,1.0
5.681456968886778e-05,0.9999117851257324,3.153567013214342e-05,1.0
0.9998340606689453,8.8955057435669e-05,7.721911242697388e-05,0.0
0.9998440146446228,9.100267197936773e-05,6.495045818155631e-05,0.0
5.4842890676809475e-05,0.9999083876609802,3.689974619192071e-05,1.0
6.197037146193907e-05,0.9999117851257324,2.6370153136667795e-05,1.0
5.39237262273673e-05,0.9999122619628906,3.393601218704134e-05,1.0
5.790862633148208e-05,0.9999131560325623,2.8708074751193635e-05,1.0
5.4568416089750826e-05,0.9999136328697205,3.154138175887056e-05,1.0
5.594062531599775e-05,0.9999122619628906,3.198820195393637e-05,1.0
6.152799323899671e-05,0.9999131560325623,2.5338873456348665e-05,1.0
0.999850332736969,9.48163287830539e-05,5.502462954609655e-05,0.0
6.876327825011685e-05,0.99990314245224,2.805000804073643e-05,1.0
5.684107236447744e-05,0.9999136328697205,2.9332195481401868e-05,1.0
5.743633664678782e-05,0.9999147057533264,2.782739647955168e-05,1.0
5.4787426051916555e-05,0.9999117851257324,3.33996576955542e-05,1.0
5.670852624461986e-05,0.9999074935913086,3.579667099984363e-05,1.0
5.845939813298173e-05,0.9999136328697205,2.7980009690509178e-05,1.0
0.9991730451583862,0.000676278374157846,0.00015049503417685628,0.0
0.9998483657836914,9.470273653278127e-05,5.698724271496758e-05,0.0
4.969420115230605e-05,0.9999065399169922,4.3669344449881464e-05,1.0
5.514439908438362e-05,0.9999122619628906,3.2482337701367214e-05,1.0
0.9998349547386169,0.0001067945413524285,5.803567182738334e-05,0.0
6.151761772343889e-05,0.9998999238014221,3.873135210596956e-05,1.0
5.687957309419289e-05,0.9999099373817444,3.319227835163474e-05,1.0
0.9998465180397034,0.00010626939183566719,4.706415711552836e-05,0.0
6.088847658247687e-05,0.999906063079834,3.3208583772648126e-05,1.0
6.489740189863369e-05,0.9999055862426758,2.962756116176024e-05,1.0
6.234637839952484e-05,0.9999122619628906,2.5331384676974267e-05,1.0
0.9998435974121094,9.13760086405091e-05,6.48590357741341e-05,0.0
6.413532537408173e-05,0.999910831451416,2.488645986886695e-05,1.0
0.9998449683189392,9.125157521339133e-05,6.363634020090103e-05,0.0
5.69358016946353e-05,0.999915599822998,2.757502625172492e-05,1.0
0.9998407959938049,8.8320899521932e-05,7.111716695362702e-05,0.0
6.003516318742186e-05,0.9999113082885742,2.873458834073972e-05,1.0
6.712606409564614e-05,0.9999094605445862,2.3769436666043475e-05,1.0
6.56174379400909e-05,0.999904215335846,3.036413727386389e-05,1.0
5.108536788611673e-05,0.9999142289161682,3.4714983485173434e-05,1.0
0.9998478889465332,9.377658716402948e-05,5.841877282364294e-05,0.0
7.205249858088791e-05,0.9999070167541504,2.1063073290861212e-05,1.0
6.613958976231515e-05,0.9999070167541504,2.6893694666796364e-05,1.0
5.7557568652555346e-05,0.9999160766601562,2.6356523449067026e-05,1.0
5.198886719881557e-05,0.9999136328697205,3.450565418461338e-05,1.0
3.120204928563908e-05,5.8574976719683036e-05,0.9999103546142578,2.0
5.982072980259545e-05,0.9999122619628906,2.7782132747233845e-05,1.0
5.816660268465057e-05,0.9999127388000488,2.8970178391318768e-05,1.0
6.1362748965621e-05,0.999907910823822,3.0730148864677176e-05,1.0
0.9998488426208496,9.787968883756548e-05,5.3216670494293794e-05,0.0
0.6826479434967041,0.31114307045936584,0.0062088859267532825,0.0
5.572056397795677e-05,0.9999142289161682,3.0111985324765556e-05,1.0
5.9154706832487136e-05,0.9999142289161682,2.6843879822990857e-05,1.0
5.233678894001059e-05,0.9999088644981384,3.861948425765149e-05,1.0
5.6815762945916504e-05,0.9999122619628906,3.092698170803487e-05,1.0
5.9083442465635017e-05,0.9999136328697205,2.7013376893592067e-05,1.0
6.729193410137668e-05,0.9999117851257324,2.1130252207512967e-05,1.0
2.614196637296118e-05,0.0001046771285473369,0.9998692870140076,2.0
2.817806125676725e-05,5.174135367269628e-05,0.9999203681945801,2.0
5.5585911468369886e-05,0.9999113082885742,3.310792817501351e-05,1.0
0.9998483657836914,9.640981443226337e-05,5.519427577382885e-05,0.0
6.310518074315041e-05,0.9999103546142578,2.6550935217528604e-05,1.0
5.563544618780725e-05,0.9999103546142578,3.4028602385660633e-05,1.0
6.143032078398392e-05,6.513412517961115e-05,0.9998735785484314,2.0
5.779678758699447e-05,0.9999142289161682,2.7900792701984756e-05,1.0
5.56866179977078e-05,0.9999147057533264,2.9859877031412907e-05,1.0
6.066878995625302e-05,0.9999142289161682,2.5310975615866482e-05,1.0
6.050925367162563e-05,0.9999103546142578,2.9036644264124334e-05,1.0
5.710502591682598e-05,0.9999122619628906,3.081913382629864e-05,1.0
2.5945084416889586e-05,7.888862455729395e-05,0.9998951554298401,2.0
6.14137970842421e-05,0.9999136328697205,2.4734366888878867e-05,1.0
5.1294609875185415e-05,0.9999099373817444,3.894124165526591e-05,1.0
0.6083016991615295,0.38545382022857666,0.006244294811040163,1.0
3.244289837311953e-05,6.227019912330434e-05,0.9999051690101624,2.0
0.9998407959938049,0.00010007926903199404,5.9267364122206345e-05,0.0
0.9998478889465332,9.732390753924847e-05,5.464090281748213e-05,0.0
5.8641988289309666e-05,0.9999136328697205,2.7501859221956693e-05,1.0
6.68123466311954e-05,0.9999074935913086,2.5909281248459592e-05,1.0
6.386688619386405e-05,0.9999142289161682,2.2099500711192377e-05,1.0
0.9998465180397034,9.636771574150771e-05,5.7133238442474976e-05,0.0
5.357955888030119e-05,0.9999055862426758,4.078065830981359e-05,1.0
5.8648533013183624e-05,0.999910831451416,3.040960473299492e-05,1.0
5.165433685760945e-05,0.9999083876609802,3.997617750428617e-05,1.0
3.286971332272515e-05,0.00016007132944650948,0.9998069405555725,2.0
0.9998355507850647,9.038864664034918e-05,7.410087710013613e-05,0.0
5.681667971657589e-05,0.9999083876609802,3.492358882795088e-05,1.0
0.999819278717041,0.00011613949754973873,6.478033901657909e-05,0.0
6.195985042722896e-05,0.9999142289161682,2.390237023064401e-05,1.0
3.0295177566586062e-05,5.080193295725621e-05,0.9999189972877502,2.0
5.304743172018789e-05,0.9999136328697205,3.347459642100148e-05,1.0
2.891420263040345e-05,5.116782631375827e-05,0.9999199509620667,2.0
6.38184865238145e-05,0.9999099373817444,2.6408330086269416e-05,1.0
5.570552821154706e-05,0.9999083876609802,3.581189957913011e-05,1.0
5.991704892949201e-05,0.9999131560325623,2.682102785911411e-05,1.0
5.6020864576566964e-05,0.9999103546142578,3.377818575245328e-05,1.0
5.899352254346013e-05,0.9999131560325623,2.764422242762521e-05,1.0
5.7330493291374296e-05,0.999910831451416,3.204994573025033e-05,1.0
6.482699973275885e-05,0.999910831451416,2.4420571207883768e-05,1.0
6.270348239922896e-05,0.9999122619628906,2.4872411813703366e-05,1.0
0.9998383522033691,0.0001100175068131648,5.1752904255408794e-05,0.0
6.420644058380276e-05,0.9999099373817444,2.568765739852097e-05,1.0
0.999845564365387,9.258202771889046e-05,6.18983613094315e-05,0.0
7.276784890564159e-05,0.999901294708252,2.5806893972912803e-05,1.0
0.9998412728309631,8.992469520308077e-05,6.875867984490469e-05,0.0
0.9998469352722168,0.00011081367847509682,4.215112130623311e-05,0.0
6.989991379668936e-05,0.9999051690101624,2.4898754418245517e-05,1.0
6.031941666151397e-05,0.9999083876609802,3.107560405624099e-05,1.0
3.48537796526216e-05,5.254934512777254e-05,0.9999127388000488,2.0
5.845939813298173e-05,0.9999136328697205,2.7980009690509178e-05,1.0
5.304743172018789e-05,0.9999136328697205,3.347459642100148e-05,1.0
6.0486465372378007e-05,0.9999113082885742,2.8390400984790176e-05,1.0
3.240031946916133e-05,8.318023901665583e-05,0.9998846650123596,2.0
6.342241249512881e-05,0.9999113082885742,2.518062865419779e-05,1.0
0.9998460412025452,9.110834798775613e-05,6.318496889434755e-05,0.0
6.141766789369285e-05,0.9999142289161682,2.473111089784652e-05,1.0
0.999845564365387,9.115571447182447e-05,6.336135265883058e-05,0.0
6.234535976545885e-05,0.9999122619628906,2.533000588300638e-05,1.0
6.781783304177225e-05,0.9999094605445862,2.2861548131913878e-05,1.0
0.9998469352722168,9.915480768540874e-05,5.391426384449005e-05,0.0
0.9998012185096741,0.00016395546845160425,3.50905756931752e-05,0.0
5.3485877288039774e-05,0.9999117851257324,3.469625153229572e-05,1.0
6.213091546669602e-05,0.9999117851257324,2.6045016056741588e-05,1.0
0.9998435974121094,9.020712604979053e-05,6.622744695050642e-05,0.0
5.669468373525888e-05,0.9999147057533264,2.8565351385623217e-05,1.0
5.65026311960537e-05,0.9999127388000488,3.099817331531085e-05,1.0
5.6525375839555636e-05,0.9999142289161682,2.925793523900211e-05,1.0
5.432209582068026e-05,0.9998988509178162,4.694617018685676e-05,1.0
5.504383807419799e-05,0.9999136328697205,3.124272552668117e-05,1.0
3.185261448379606e-05,4.894691301160492e-05,0.9999194741249084,2.0
6.37496923445724e-05,0.9999113082885742,2.5082217689487152e-05,1.0
0.9997801780700684,0.00017620444123167545,4.350942617747933e-05,0.0
0.999842643737793,9.420855349162593e-05,6.335047510219738e-05,0.0
4.530287333182059e-05,3.762523192563094e-05,0.9999170303344727,2.0
6.031383600202389e-05,0.9999147057533264,2.5320441636722535e-05,1.0
6.410700734704733e-05,0.9999103546142578,2.569164826127235e-05,1.0
0.9998465180397034,0.00010062113142339513,5.283915743348189e-05,0.0
6.413654773496091e-05,0.9999103546142578,2.5761819415492937e-05,1.0
2.7313562895869836e-05,6.203576776897535e-05,0.999910831451416,2.0
5.623943070531823e-05,0.9999136328697205,3.019350697286427e-05,1.0
0.9998488426208496,9.305542334914207e-05,5.80332925892435e-05,0.0
5.7247449149144813e-05,0.999910831451416,3.184019078616984e-05,1.0
0.9998360276222229,9.832736395765096e-05,6.588946416741237e-05,0.0
5.7247449149144813e-05,0.999910831451416,3.184019078616984e-05,1.0
5.458278246806003e-05,0.9999122619628906,3.306183498352766e-05,1.0
3.596900569391437e-05,4.352419637143612e-05,0.9999203681945801,2.0
5.4884694691281766e-05,0.9999151825904846,3.0160785172483884e-05,1.0
5.8795936638489366e-05,0.9999113082885742,3.0039360353839584e-05,1.0
0.999847412109375,9.006322216009721e-05,6.245533586479723e-05,0.0
6.077210491639562e-05,0.9999136328697205,2.5370982257300057e-05,1.0
0.9998478889465332,9.481261804467067e-05,5.746630267822184e-05,0.0
0.9998431205749512,9.223463712260127e-05,6.468009087257087e-05,0.0
6.277630018303171e-05,0.999910831451416,2.635914097481873e-05,1.0
0.9998460412025452,9.138158929999918e-05,6.24574749963358e-05,0.0
6.547766679432243e-05,0.999910831451416,2.389516703260597e-05,1.0
2.970462810480967e-05,6.981297337915748e-05,0.9999004006385803,2.0
0.999845564365387,9.159927867585793e-05,6.276558997342363e-05,0.0
0.0006901670712977648,0.9992654919624329,4.4323463953332976e-05,1.0
0.9998369216918945,8.875727507984266e-05,7.439047476509586e-05,0.0
5.45816365047358e-05,0.9999122619628906,3.305233985884115e-05,1.0
0.69026118516922,0.3057284951210022,0.0040103355422616005,0.0
0.999847412109375,9.587089152773842e-05,5.696556036127731e-05,0.0
0.9998355507850647,0.0001020338895614259,6.234358443180099e-05,0.0
5.742707435274497e-05,0.9999147057533264,2.782721094263252e-05,1.0
0.999849259853363,0.00010310360812582076,4.782208998221904e-05,0.0
5.6542416132288054e-05,0.9999147057533264,2.8757291147485375e-05,1.0
0.9998407959938049,9.108020458370447e-05,6.843610026407987e-05,0.0
5.40518740308471e-05,0.9999117851257324,3.41233353537973e-05,1.0
0.9998497366905212,9.67218293226324e-05,5.341751602827571e-05,0.0
6.0639813455054536e-05,0.9999147057533264,2.4550356101826765e-05,1.0
6.19475613348186e-05,0.9999142289161682,2.389439396210946e-05,1.0
5.616117414319888e-05,0.9999131560325623,3.0769439035793766e-05,1.0
5.6299741117982194e-05,0.9999147057533264,2.9132255804142915e-05,1.0
5.034466812503524e-05,0.9999103546142578,3.9418082451447845e-05,1.0
5.335306195775047e-05,0.9999117851257324,3.4966775274369866e-05,1.0
5.159678767086007e-05,0.9999151825904846,3.333846325404011e-05,1.0
0.9998469352722168,9.306545689469203e-05,6.014496102579869e-05,0.0
3.288839798187837e-05,4.8666155635146424e-05,0.9999184012413025,2.0
5.569984205067158e-05,0.999915599822998,2.8979795388295315e-05,1.0
0.9998497366905212,9.745198622113094e-05,5.294038783176802e-05,0.0
6.26220935373567e-05,0.9999070167541504,3.0383545890799724e-05,1.0
0.999847412109375,9.452696394873783e-05,5.8004628954222426e-05,0.0
6.595459853997454e-05,0.999910831451416,2.3388967747450806e-05,1.0
5.4992309742374346e-05,0.9999136328697205,3.1196221243590117e-05,1.0
6.107189255999401e-05,0.9999117851257324,2.702187885006424e-05,1.0
6.36106778983958e-05,0.9999122619628906,2.42478636209853e-05,1.0
0.6639264822006226,0.33127760887145996,0.004795966204255819,1.0
0.6639264822006226,0.33127760887145996,0.004795966204255819,0.0
5.9306879848008975e-05,0.9999117851257324,2.910506918851752e-05,1.0
0.9998483657836914,9.255156328435987e-05,5.9255831729387864e-05,0.0
0.9998431205749512,9.346561273559928e-05,6.345593283185735e-05,0.0
0.999847412109375,9.56857402343303e-05,5.701730333385058e-05,0.0
5.5014865210978314e-05,0.9999122619628906,3.293683039373718e-05,1.0
0.9998365044593811,9.482601308263838e-05,6.859271525172517e-05,0.0
2.9721544706262648e-05,6.005858813296072e-05,0.9999103546142578,2.0
6.508954538730904e-05,0.999907910823822,2.7163416234543547e-05,1.0
4.848400567425415e-05,0.9999070167541504,4.4667773181572556e-05,1.0
0.00010082947846967727,0.9998508095741272,4.866522431257181e-05,1.0
6.360060797305778e-05,0.9999122619628906,2.4260587451863103e-05,1.0
5.1080842240480706e-05,0.9999122619628906,3.6689591070171446e-05,1.0
5.991704892949201e-05,0.9999131560325623,2.682102785911411e-05,1.0
0.9998460412025452,0.0001085563053493388,4.55548070021905e-05,0.0
0.9998497366905212,9.671961743151769e-05,5.34113023604732e-05,0.0
0.999847412109375,9.368961764266714e-05,5.914280700380914e-05,0.0
6.920899613760412e-05,4.160795288044028e-05,0.9998894333839417,2.0
5.989533747197129e-05,0.999910831451416,2.928024150605779e-05,1.0
5.33571292180568e-05,0.9999136328697205,3.281680983491242e-05,1.0
0.9998449683189392,9.920872253132984e-05,5.5916301789693534e-05,0.0
0.999844491481781,9.737905929796398e-05,5.7956469390774146e-05,0.0
5.422684989753179e-05,0.9999122619628906,3.379284680704586e-05,1.0
3.3268304832745343e-05,4.755281042889692e-05,0.9999194741249084,2.0
0.9998449683189392,9.572324779583141e-05,5.918715396546759e-05,0.0
5.394769323174842e-05,0.9999122619628906,3.3791817259043455e-05,1.0
0.999847412109375,9.357005183119327e-05,5.894870264455676e-05,0.0
6.435613613575697e-05,3.321244730614126e-05,0.9999022483825684,2.0
0.9998478889465332,9.997529559768736e-05,5.221878382144496e-05,0.0
6.491169187938794e-05,0.9999117851257324,2.3181604774435982e-05,1.0
5.472277553053573e-05,0.9999122619628906,3.329652099637315e-05,1.0
0.9998431205749512,9.065696212928742e-05,6.63747705402784e-05,0.0
0.999847412109375,9.0065885160584e-05,6.244080577744171e-05,0.0
0.999847412109375,9.788911847863346e-05,5.499445614987053e-05,0.0
2.7308171411277726e-05,6.207927071955055e-05,0.999910831451416,2.0
5.6820150348357856e-05,0.9999117851257324,3.152631325065158e-05,1.0
4.9852609663503245e-05,0.9999103546142578,3.9888094761408865e-05,1.0
5.117338878335431e-05,3.661161463242024e-05,0.9999122619628906,2.0
5.711994890589267e-05,0.9999142289161682,2.8800326617783867e-05,1.0
0.999845564365387,9.258202771889046e-05,6.18983613094315e-05,0.0
7.472665311070159e-05,0.9998840689659119,4.130715751671232e-05,1.0
6.133461283752695e-05,0.9999122619628906,2.6344489015173167e-05,1.0
5.275310832075775e-05,0.9999127388000488,3.429084972594865e-05,1.0
3.043261131097097e-05,5.66990056540817e-05,0.9999127388000488,2.0
5.844445695402101e-05,0.9999136328697205,2.786141340038739e-05,1.0
6.558371387654915e-05,0.999907910823822,2.641057471919339e-05,1.0
6.063628461561166e-05,0.9999131560325623,2.6140673071495257e-05,1.0
5.8972713304683566e-05,0.9999117851257324,2.9032742531853728e-05,1.0
6.036924969521351e-05,0.9999103546142578,2.9453178285621107e-05,1.0
0.9998488426208496,0.0001013226283248514,4.974949479219504e-05,0.0
5.8530858950689435e-05,0.9999136328697205,2.793841304082889e-05,1.0
0.9998416900634766,0.000104347120213788,5.3863896027905867e-05,0.0
6.279181252466515e-05,0.999910831451416,2.635964483488351e-05,1.0
0.651220440864563,0.3452531397342682,0.0035263821482658386,1.0
5.926509402343072e-05,0.9999103546142578,3.062990799662657e-05,1.0
4.9566602683626115e-05,0.999907910823822,4.26032675022725e-05,1.0
5.522170613403432e-05,3.924789416487329e-05,0.9999055862426758,2.0
0.9998469352722168,0.00011080152762588114,4.21533732151147e-05,0.0
0.6519091725349426,0.3438815474510193,0.00420925160869956,0.0
5.52390338270925e-05,0.9999127388000488,3.221492806915194e-05,1.0
0.9997926354408264,0.00016144406981766224,4.582972178468481e-05,0.0
5.197181235416792e-05,0.9999127388000488,3.527700391714461e-05,1.0
6.27546978648752e-05,0.9999127388000488,2.4535376724088565e-05,1.0
0.9998497366905212,9.671961743151769e-05,5.34113023604732e-05,0.0
5.4763710068073124e-05,0.9999117851257324,3.374692460056394e-05,1.0
3.043261131097097e-05,5.66990056540817e-05,0.9999127388000488,2.0
6.135438161436468e-05,0.999907910823822,3.0732637242181227e-05,1.0
5.347296973923221e-05,0.9999122619628906,3.411285797483288e-05,1.0
5.198886719881557e-05,0.9999136328697205,3.450565418461338e-05,1.0
6.549271347466856e-05,0.9999122619628906,2.227000550192315e-05,1.0
0.999844491481781,9.323673293692991e-05,6.238039350137115e-05,0.0
0.999844491481781,0.00011215531412744895,4.3138774344697595e-05,0.0
6.414070958271623e-05,0.9999103546142578,2.5761870347196236e-05,1.0
5.5756710935384035e-05,0.9999122619628906,3.1988569389795884e-05,1.0
0.6084144711494446,0.057371415197849274,0.3342141807079315,0.0
5.605682963505387e-05,0.9999136328697205,3.034627479792107e-05,1.0
0.999844491481781,9.196269820677117e-05,6.35607066215016e-05,0.0
4.826698932447471e-05,0.9999088644981384,4.294998507248238e-05,1.0
5.575341492658481e-05,0.9999142289161682,3.016538903466426e-05,1.0
6.66953346808441e-05,0.9999094605445862,2.3980228434083983e-05,1.0
5.992516526021063e-05,0.9999127388000488,2.720834527281113e-05,1.0
3.090619793510996e-05,5.3687785111833364e-05,0.999915599822998,2.0
5.438761945697479e-05,0.9999113082885742,3.460745210759342e-05,1.0
5.9807440266013145e-05,0.999910831451416,2.9574828658951446e-05,1.0
6.0846326960017905e-05,0.9999117851257324,2.7508784114615992e-05,1.0
4.1688464989420027e-05,3.773296339204535e-05,0.9999208450317383,2.0
5.943274300079793e-05,0.9999127388000488,2.7849935577251017e-05,1.0
3.4569817216834053e-05,3.778452446567826e-05,0.9999274611473083,2.0
7.226673187687993e-05,0.9999022483825684,2.537814543757122e-05,1.0
4.973493196303025e-05,0.9999113082885742,3.890152584062889e-05,1.0
5.7921268307836726e-05,0.9999088644981384,3.324274075566791e-05,1.0
5.2130610129097477e-05,0.9999055862426758,4.258571789250709e-05,1.0
5.6460619816789404e-05,0.9999122619628906,3.108153396169655e-05,1.0
0.009389790706336498,0.892298698425293,0.09831136465072632,1.0
5.709750985261053e-05,0.999915599822998,2.742762808338739e-05,1.0
5.502211206476204e-05,0.999915599822998,2.955743002530653e-05,1.0
5.40508990525268e-05,0.9999117851257324,3.41307204507757e-05,1.0
5.6526241678511724e-05,0.9999142289161682,2.92572131002089e-05,1.0
0.5771940350532532,0.04558326303958893,0.3772226572036743,0.0
5.1650004024850205e-05,0.9999083876609802,3.997781823272817e-05,1.0
6.826981552876532e-05,0.9999065399169922,2.514067637093831e-05,1.0
5.376823173719458e-05,0.9999142289161682,3.2109419407788664e-05,1.0
5.630232408293523e-05,0.9999136328697205,3.0000712285982445e-05,1.0
6.119449972175062e-05,0.9999136328697205,2.5289553377660923e-05,1.0
0.9998449683189392,9.793580829864368e-05,5.716997475246899e-05,0.0
